    1    1    9    1    1    1    1    4    4
      0.0000000000E+00  1.9615240000E-02  2.8025970000E-45  6.5384140000E-03
      0.0000000000E+00  1.0000000000E+00  2.0000000000E+00  2.0000000000E+00  3.0000000000E+00  0.0000000000E+00  0.0000000000E+00
      0.0000000000E+00  0.0000000000E+00  0.0000000000E+00  0.0000000000E+00  0.0000000000E+00  0.0000000000E+00  0.0000000000E+00
      0.0000000000E+00  0.0000000000E+00  0.0000000000E+00  0.0000000000E+00  0.0000000000E+00  0.0000000000E+00
    1   50    4    2    1    1    1    4    4
      0.0000000000E+00  6.3973231932E-02  6.2945148162E-03  1.9345605197E-02
      5.1714933925E-01  1.0000000000E+00  2.0000000000E+00  2.0000000000E+00  3.0000000000E+00  0.0000000000E+00  0.0000000000E+00
      0.0000000000E+00  0.0000000000E+00  0.0000000000E+00  0.0000000000E+00  0.0000000000E+00  0.0000000000E+00  0.0000000000E+00
      0.0000000000E+00  0.0000000000E+00  0.0000000000E+00  0.0000000000E+00  0.0000000000E+00  0.0000000000E+00
    1   56    3    3    1    1    1    4    4
      0.0000000000E+00  7.0169507383E-02  7.1207570009E-03  2.1171226940E-02
      5.7075149417E-01  1.0000000000E+00  2.0000000000E+00  2.0000000000E+00  3.0000000000E+00  0.0000000000E+00  0.0000000000E+00
      0.0000000000E+00  0.0000000000E+00  0.0000000000E+00  1.1531480500E+01  0.0000000000E+00  0.0000000000E+00  0.0000000000E+00
      0.0000000000E+00  0.0000000000E+00  0.0000000000E+00  0.0000000000E+00  0.0000000000E+00  0.0000000000E+00
    1  100    4    4    1    1    1    4    4
      0.0000000000E+00  1.2015843129E-01  1.4253374707E-02  3.5812884718E-02
      1.0075990167E+00  1.0000000000E+00  2.0000000000E+00  2.0000000000E+00  3.0000000000E+00  0.0000000000E+00  0.0000000000E+00
      0.0000000000E+00  0.0000000000E+00  0.0000000000E+00  0.0000000000E+00  0.0000000000E+00  0.0000000000E+00  0.0000000000E+00
      0.0000000000E+00  0.0000000000E+00  0.0000000000E+00  0.0000000000E+00  0.0000000000E+00  0.0000000000E+00
    1  150    4    5    1    1    1    4    4
      0.0000000000E+00  1.7577746795E-01  2.3215817235E-02  5.1910421007E-02
      1.5041540417E+00  1.0000000000E+00  2.0000000000E+00  2.0000000000E+00  3.0000000000E+00  0.0000000000E+00  0.0000000000E+00
      0.0000000000E+00  0.0000000000E+00  0.0000000000E+00  0.0000000000E+00  0.0000000000E+00  0.0000000000E+00  0.0000000000E+00
      0.0000000000E+00  0.0000000000E+00  0.0000000000E+00  0.0000000000E+00  0.0000000000E+00  0.0000000000E+00
    1  200    4    6    1    1    1    4    4
      0.0000000000E+00  2.3022256637E-01  3.3089419219E-02  6.7466667388E-02
      2.0008391554E+00  1.0000000000E+00  2.0000000000E+00  2.0000000000E+00  3.0000000000E+00  0.0000000000E+00  0.0000000000E+00
      0.0000000000E+00  0.0000000000E+00  0.0000000000E+00  0.0000000000E+00  0.0000000000E+00  0.0000000000E+00  0.0000000000E+00
      0.0000000000E+00  0.0000000000E+00  0.0000000000E+00  0.0000000000E+00  0.0000000000E+00  0.0000000000E+00
    1  250    4    7    1    1    1    4    4
      0.0000000000E+00  2.8362136556E-01  4.3878363618E-02  8.2529185958E-02
      2.4976340503E+00  1.0000000000E+00  2.0000000000E+00  2.0000000000E+00  3.0000000000E+00  0.0000000000E+00  0.0000000000E+00
      0.0000000000E+00  0.0000000000E+00  0.0000000000E+00  0.0000000000E+00  0.0000000000E+00  0.0000000000E+00  0.0000000000E+00
      0.0000000000E+00  0.0000000000E+00  0.0000000000E+00  0.0000000000E+00  0.0000000000E+00  0.0000000000E+00
    1  300    4    8    1    1    1    4    4
      0.0000000000E+00  3.3608782597E-01  5.5589731532E-02  9.7140383091E-02
      2.9945208843E+00  1.0000000000E+00  2.0000000000E+00  2.0000000000E+00  3.0000000000E+00  0.0000000000E+00  0.0000000000E+00
      0.0000000000E+00  0.0000000000E+00  0.0000000000E+00  0.0000000000E+00  0.0000000000E+00  0.0000000000E+00  0.0000000000E+00
      0.0000000000E+00  0.0000000000E+00  0.0000000000E+00  0.0000000000E+00  0.0000000000E+00  0.0000000000E+00
    1  350    4    9    1    1    1    4    4
      0.0000000000E+00  3.8771940590E-01  6.8232831692E-02  1.1133655242E-01
      3.4914843764E+00  1.0000000000E+00  2.0000000000E+00  2.0000000000E+00  3.0000000000E+00  0.0000000000E+00  0.0000000000E+00
      0.0000000000E+00  0.0000000000E+00  0.0000000000E+00  0.0000000000E+00  0.0000000000E+00  0.0000000000E+00  0.0000000000E+00
      0.0000000000E+00  0.0000000000E+00  0.0000000000E+00  0.0000000000E+00  0.0000000000E+00  0.0000000000E+00
    1  400    4   10    1    1    1    4    4
      0.0000000000E+00  4.3859928966E-01  8.1818832858E-02  1.2514870160E-01
      3.9885113415E+00  1.0000000000E+00  2.0000000000E+00  2.0000000000E+00  3.0000000000E+00  0.0000000000E+00  0.0000000000E+00
      0.0000000000E+00  0.0000000000E+00  0.0000000000E+00  0.0000000000E+00  0.0000000000E+00  0.0000000000E+00  0.0000000000E+00
      0.0000000000E+00  0.0000000000E+00  0.0000000000E+00  0.0000000000E+00  0.0000000000E+00  0.0000000000E+00
    1  408    3   11    1    1    1    4    4
      0.0000000000E+00  4.4619859728E-01  8.3946606058E-02  1.2719653222E-01
      4.0633422657E+00  1.0000000000E+00  2.0000000000E+00  2.0000000000E+00  3.0000000000E+00  0.0000000000E+00  0.0000000000E+00
      0.0000000000E+00  0.0000000000E+00  0.0000000000E+00  1.1563418741E+01  0.0000000000E+00  0.0000000000E+00  0.0000000000E+00
      0.0000000000E+00  0.0000000000E+00  0.0000000000E+00  0.0000000000E+00  0.0000000000E+00  0.0000000000E+00
    1  450    4   12    1    1    1    4    4
      0.0000000000E+00  4.8832737012E-01  9.6218545487E-02  1.3847789011E-01
      4.4808913910E+00  1.0000000000E+00  2.0000000000E+00  2.0000000000E+00  3.0000000000E+00  0.0000000000E+00  0.0000000000E+00
      0.0000000000E+00  0.0000000000E+00  0.0000000000E+00  0.0000000000E+00  0.0000000000E+00  0.0000000000E+00  0.0000000000E+00
      0.0000000000E+00  0.0000000000E+00  0.0000000000E+00  0.0000000000E+00  0.0000000000E+00  0.0000000000E+00
    1  500    4   13    1    1    1    4    4
      0.0000000000E+00  5.3791406074E-01  1.1172089827E-01  1.5160139938E-01
      4.9780116418E+00  1.0000000000E+00  2.0000000000E+00  2.0000000000E+00  3.0000000000E+00  0.0000000000E+00  0.0000000000E+00
      0.0000000000E+00  0.0000000000E+00  0.0000000000E+00  0.0000000000E+00  0.0000000000E+00  0.0000000000E+00  0.0000000000E+00
      0.0000000000E+00  0.0000000000E+00  0.0000000000E+00  0.0000000000E+00  0.0000000000E+00  0.0000000000E+00
    1  550    4   14    1    1    1    4    4
      0.0000000000E+00  5.8693561728E-01  1.2820853742E-01  1.6441050032E-01
      5.4751644431E+00  1.0000000000E+00  2.0000000000E+00  2.0000000000E+00  3.0000000000E+00  0.0000000000E+00  0.0000000000E+00
      0.0000000000E+00  0.0000000000E+00  0.0000000000E+00  0.0000000000E+00  0.0000000000E+00  0.0000000000E+00  0.0000000000E+00
      0.0000000000E+00  0.0000000000E+00  0.0000000000E+00  0.0000000000E+00  0.0000000000E+00  0.0000000000E+00
    1  600    4   15    1    1    1    4    4
      0.0000000000E+00  6.3543935266E-01  1.4569820003E-01  1.7692284227E-01
      5.9723413519E+00  1.0000000000E+00  2.0000000000E+00  2.0000000000E+00  3.0000000000E+00  0.0000000000E+00  0.0000000000E+00
      0.0000000000E+00  0.0000000000E+00  0.0000000000E+00  0.0000000000E+00  0.0000000000E+00  0.0000000000E+00  0.0000000000E+00
      0.0000000000E+00  0.0000000000E+00  0.0000000000E+00  0.0000000000E+00  0.0000000000E+00  0.0000000000E+00
    1  650    4   16    1    1    1    4    4
      0.0000000000E+00  6.8346706169E-01  1.6420776887E-01  1.8915400276E-01
      6.4695345461E+00  1.0000000000E+00  2.0000000000E+00  2.0000000000E+00  3.0000000000E+00  0.0000000000E+00  0.0000000000E+00
      0.0000000000E+00  0.0000000000E+00  0.0000000000E+00  0.0000000000E+00  0.0000000000E+00  0.0000000000E+00  0.0000000000E+00
      0.0000000000E+00  0.0000000000E+00  0.0000000000E+00  0.0000000000E+00  0.0000000000E+00  0.0000000000E+00
    1  700    4   17    1    1    1    4    4
      0.0000000000E+00  7.3105588485E-01  1.8375622056E-01  2.0111780645E-01
      6.9667366859E+00  1.0000000000E+00  2.0000000000E+00  2.0000000000E+00  3.0000000000E+00  0.0000000000E+00  0.0000000000E+00
      0.0000000000E+00  0.0000000000E+00  0.0000000000E+00  0.0000000000E+00  0.0000000000E+00  0.0000000000E+00  0.0000000000E+00
      0.0000000000E+00  0.0000000000E+00  0.0000000000E+00  0.0000000000E+00  0.0000000000E+00  0.0000000000E+00
    1  750    4   18    1    1    1    4    4
      0.0000000000E+00  7.7823900592E-01  2.0436358847E-01  2.1282658331E-01
      7.4639408004E+00  1.0000000000E+00  2.0000000000E+00  2.0000000000E+00  3.0000000000E+00  0.0000000000E+00  0.0000000000E+00
      0.0000000000E+00  0.0000000000E+00  0.0000000000E+00  0.0000000000E+00  0.0000000000E+00  0.0000000000E+00  0.0000000000E+00
      0.0000000000E+00  0.0000000000E+00  0.0000000000E+00  0.0000000000E+00  0.0000000000E+00  0.0000000000E+00
    1  800    4   19    1    1    1    4    4
      0.0000000000E+00  8.2504622007E-01  2.2605093706E-01  2.2429137941E-01
      7.9611401948E+00  1.0000000000E+00  2.0000000000E+00  2.0000000000E+00  3.0000000000E+00  0.0000000000E+00  0.0000000000E+00
      0.0000000000E+00  0.0000000000E+00  0.0000000000E+00  0.0000000000E+00  0.0000000000E+00  0.0000000000E+00  0.0000000000E+00
      0.0000000000E+00  0.0000000000E+00  0.0000000000E+00  0.0000000000E+00  0.0000000000E+00  0.0000000000E+00
    1  850    4   20    1    1    1    4    4
      0.0000000000E+00  8.7150440028E-01  2.4884034563E-01  2.3552213049E-01
      8.4583283725E+00  1.0000000000E+00  2.0000000000E+00  2.0000000000E+00  3.0000000000E+00  0.0000000000E+00  0.0000000000E+00
      0.0000000000E+00  0.0000000000E+00  0.0000000000E+00  0.0000000000E+00  0.0000000000E+00  0.0000000000E+00  0.0000000000E+00
      0.0000000000E+00  0.0000000000E+00  0.0000000000E+00  0.0000000000E+00  0.0000000000E+00  0.0000000000E+00
    1  900    4   21    1    1    1    4    4
      0.0000000000E+00  9.1763788319E-01  2.7275489963E-01  2.4652780588E-01
      8.9554989686E+00  1.0000000000E+00  2.0000000000E+00  2.0000000000E+00  3.0000000000E+00  0.0000000000E+00  0.0000000000E+00
      0.0000000000E+00  0.0000000000E+00  0.0000000000E+00  0.0000000000E+00  0.0000000000E+00  0.0000000000E+00  0.0000000000E+00
      0.0000000000E+00  0.0000000000E+00  0.0000000000E+00  0.0000000000E+00  0.0000000000E+00  0.0000000000E+00
    1  950    4   22    1    1    1    4    4
      0.0000000000E+00  9.6346879051E-01  2.9781868830E-01  2.5731652890E-01
      9.4526456925E+00  1.0000000000E+00  2.0000000000E+00  2.0000000000E+00  3.0000000000E+00  0.0000000000E+00  0.0000000000E+00
      0.0000000000E+00  0.0000000000E+00  0.0000000000E+00  0.0000000000E+00  0.0000000000E+00  0.0000000000E+00  0.0000000000E+00
      0.0000000000E+00  0.0000000000E+00  0.0000000000E+00  0.0000000000E+00  0.0000000000E+00  0.0000000000E+00
    1 1000    4   23    1    1    1    4    4
      0.0000000000E+00  1.0090172986E+00  3.2405680762E-01  2.6789567802E-01
      9.9497622779E+00  1.0000000000E+00  2.0000000000E+00  2.0000000000E+00  3.0000000000E+00  0.0000000000E+00  0.0000000000E+00
      0.0000000000E+00  0.0000000000E+00  0.0000000000E+00  0.0000000000E+00  0.0000000000E+00  0.0000000000E+00  0.0000000000E+00
      0.0000000000E+00  0.0000000000E+00  0.0000000000E+00  0.0000000000E+00  0.0000000000E+00  0.0000000000E+00
    1 1050    4   24    1    1    1    4    4
      0.0000000000E+00  1.0543018659E+00  3.5149536788E-01  2.7827197267E-01
      1.0446842437E+01  1.0000000000E+00  2.0000000000E+00  2.0000000000E+00  3.0000000000E+00  0.0000000000E+00  0.0000000000E+00
      0.0000000000E+00  0.0000000000E+00  0.0000000000E+00  0.0000000000E+00  0.0000000000E+00  0.0000000000E+00  0.0000000000E+00
      0.0000000000E+00  0.0000000000E+00  0.0000000000E+00  0.0000000000E+00  0.0000000000E+00  0.0000000000E+00
    1 1100    4   25    1    1    1    4    4
      0.0000000000E+00  1.0993394258E+00  3.8016150507E-01  2.8845154624E-01
      1.0943879822E+01  1.0000000000E+00  2.0000000000E+00  2.0000000000E+00  3.0000000000E+00  0.0000000000E+00  0.0000000000E+00
      0.0000000000E+00  0.0000000000E+00  0.0000000000E+00  0.0000000000E+00  0.0000000000E+00  0.0000000000E+00  0.0000000000E+00
      0.0000000000E+00  0.0000000000E+00  0.0000000000E+00  0.0000000000E+00  0.0000000000E+00  0.0000000000E+00
    1 1150    4   26    1    1    1    4    4
      0.0000000000E+00  1.1441455511E+00  4.1008339581E-01  2.9844000865E-01
      1.1440867981E+01  1.0000000000E+00  2.0000000000E+00  2.0000000000E+00  3.0000000000E+00  0.0000000000E+00  0.0000000000E+00
      0.0000000000E+00  0.0000000000E+00  0.0000000000E+00  0.0000000000E+00  0.0000000000E+00  0.0000000000E+00  0.0000000000E+00
      0.0000000000E+00  0.0000000000E+00  0.0000000000E+00  0.0000000000E+00  0.0000000000E+00  0.0000000000E+00
    1 1200    4   27    1    1    1    4    4
      0.0000000000E+00  1.1887345950E+00  4.4129027533E-01  3.0824250026E-01
      1.1937800333E+01  1.0000000000E+00  2.0000000000E+00  2.0000000000E+00  3.0000000000E+00  0.0000000000E+00  0.0000000000E+00
      0.0000000000E+00  0.0000000000E+00  0.0000000000E+00  0.0000000000E+00  0.0000000000E+00  0.0000000000E+00  0.0000000000E+00
      0.0000000000E+00  0.0000000000E+00  0.0000000000E+00  0.0000000000E+00  0.0000000000E+00  0.0000000000E+00
    1 1250    4   28    1    1    1    4    4
      0.0000000000E+00  1.2331198121E+00  4.7381245809E-01  3.1786373846E-01
      1.2434670124E+01  1.0000000000E+00  2.0000000000E+00  2.0000000000E+00  3.0000000000E+00  0.0000000000E+00  0.0000000000E+00
      0.0000000000E+00  0.0000000000E+00  0.0000000000E+00  0.0000000000E+00  0.0000000000E+00  0.0000000000E+00  0.0000000000E+00
      0.0000000000E+00  0.0000000000E+00  0.0000000000E+00  0.0000000000E+00  0.0000000000E+00  0.0000000000E+00
    1 1300    4   29    1    1    1    4    4
      0.0000000000E+00  1.2773134627E+00  5.0768136102E-01  3.2730805819E-01
      1.2931470399E+01  1.0000000000E+00  2.0000000000E+00  2.0000000000E+00  3.0000000000E+00  0.0000000000E+00  0.0000000000E+00
      0.0000000000E+00  0.0000000000E+00  0.0000000000E+00  0.0000000000E+00  0.0000000000E+00  0.0000000000E+00  0.0000000000E+00
      0.0000000000E+00  0.0000000000E+00  0.0000000000E+00  0.0000000000E+00  0.0000000000E+00  0.0000000000E+00
    1 1350    4   30    1    1    1    4    4
      0.0000000000E+00  1.3213269039E+00  5.4292952892E-01  3.3657944732E-01
      1.3428193972E+01  1.0000000000E+00  2.0000000000E+00  2.0000000000E+00  3.0000000000E+00  0.0000000000E+00  0.0000000000E+00
      0.0000000000E+00  0.0000000000E+00  0.0000000000E+00  0.0000000000E+00  0.0000000000E+00  0.0000000000E+00  0.0000000000E+00
      0.0000000000E+00  0.0000000000E+00  0.0000000000E+00  0.0000000000E+00  0.0000000000E+00  0.0000000000E+00
    1 1400    4   31    1    1    1    4    4
      0.0000000000E+00  1.3651706675E+00  5.7959066193E-01  3.4568157764E-01
      1.3924833391E+01  1.0000000000E+00  2.0000000000E+00  2.0000000000E+00  3.0000000000E+00  0.0000000000E+00  0.0000000000E+00
      0.0000000000E+00  0.0000000000E+00  0.0000000000E+00  0.0000000000E+00  0.0000000000E+00  0.0000000000E+00  0.0000000000E+00
      0.0000000000E+00  0.0000000000E+00  0.0000000000E+00  0.0000000000E+00  0.0000000000E+00  0.0000000000E+00
    1 1450    4   32    1    1    1    4    4
      0.0000000000E+00  1.4088545284E+00  6.1769964492E-01  3.5461783215E-01
      1.4421380907E+01  1.0000000000E+00  2.0000000000E+00  2.0000000000E+00  3.0000000000E+00  0.0000000000E+00  0.0000000000E+00
      0.0000000000E+00  0.0000000000E+00  0.0000000000E+00  0.0000000000E+00  0.0000000000E+00  0.0000000000E+00  0.0000000000E+00
      0.0000000000E+00  0.0000000000E+00  0.0000000000E+00  0.0000000000E+00  0.0000000000E+00  0.0000000000E+00
    1 1500    4   33    1    1    1    4    4
      0.0000000000E+00  1.4523875642E+00  6.5729257867E-01  3.6339132912E-01
      1.4917828445E+01  1.0000000000E+00  2.0000000000E+00  2.0000000000E+00  3.0000000000E+00  0.0000000000E+00  0.0000000000E+00
      0.0000000000E+00  0.0000000000E+00  0.0000000000E+00  0.0000000000E+00  0.0000000000E+00  0.0000000000E+00  0.0000000000E+00
      0.0000000000E+00  0.0000000000E+00  0.0000000000E+00  0.0000000000E+00  0.0000000000E+00  0.0000000000E+00
    1 1550    4   34    1    1    1    4    4
      0.0000000000E+00  1.4957782070E+00  6.9840681255E-01  3.7200494347E-01
      1.5414167569E+01  1.0000000000E+00  2.0000000000E+00  2.0000000000E+00  3.0000000000E+00  0.0000000000E+00  0.0000000000E+00
      0.0000000000E+00  0.0000000000E+00  0.0000000000E+00  0.0000000000E+00  0.0000000000E+00  0.0000000000E+00  0.0000000000E+00
      0.0000000000E+00  0.0000000000E+00  0.0000000000E+00  0.0000000000E+00  0.0000000000E+00  0.0000000000E+00
    1 1591    3   35    1    1    1    4    4
      0.0000000000E+00  1.5308392654E+00  7.3286462113E-01  3.7886924642E-01
      1.5816273153E+01  1.0000000000E+00  2.0000000000E+00  2.0000000000E+00  3.0000000000E+00  0.0000000000E+00  0.0000000000E+00
      0.0000000000E+00  0.0000000000E+00  0.0000000000E+00  1.4811343305E+01  0.0000000000E+00  0.0000000000E+00  0.0000000000E+00
      0.0000000000E+00  0.0000000000E+00  0.0000000000E+00  0.0000000000E+00  0.0000000000E+00  0.0000000000E+00
    1 1600    4   36    1    1    1    4    4
      0.0000000000E+00  1.5386159850E+00  7.4066008296E-01  3.8038017368E-01
      1.5905584250E+01  1.0000000000E+00  2.0000000000E+00  2.0000000000E+00  3.0000000000E+00  0.0000000000E+00  0.0000000000E+00
      0.0000000000E+00  0.0000000000E+00  0.0000000000E+00  0.0000000000E+00  0.0000000000E+00  0.0000000000E+00  0.0000000000E+00
      0.0000000000E+00  0.0000000000E+00  0.0000000000E+00  0.0000000000E+00  0.0000000000E+00  0.0000000000E+00
    1 1650    4   37    1    1    1    4    4
      0.0000000000E+00  1.5817459747E+00  7.8491844212E-01  3.8868325477E-01
      1.6401680902E+01  1.0000000000E+00  2.0000000000E+00  2.0000000000E+00  3.0000000000E+00  0.0000000000E+00  0.0000000000E+00
      0.0000000000E+00  0.0000000000E+00  0.0000000000E+00  0.0000000000E+00  0.0000000000E+00  0.0000000000E+00  0.0000000000E+00
      0.0000000000E+00  0.0000000000E+00  0.0000000000E+00  0.0000000000E+00  0.0000000000E+00  0.0000000000E+00
    1 1700    4   38    1    1    1    4    4
      0.0000000000E+00  1.6247553539E+00  8.3081758391E-01  3.9683377648E-01
      1.6897641432E+01  1.0000000000E+00  2.0000000000E+00  2.0000000000E+00  3.0000000000E+00  0.0000000000E+00  0.0000000000E+00
      0.0000000000E+00  0.0000000000E+00  0.0000000000E+00  0.0000000000E+00  0.0000000000E+00  0.0000000000E+00  0.0000000000E+00
      0.0000000000E+00  0.0000000000E+00  0.0000000000E+00  0.0000000000E+00  0.0000000000E+00  0.0000000000E+00
    1 1750    4   39    1    1    1    4    4
      0.0000000000E+00  1.6676503734E+00  8.7840019401E-01  4.0483381238E-01
      1.7393455627E+01  1.0000000000E+00  2.0000000000E+00  2.0000000000E+00  3.0000000000E+00  0.0000000000E+00  0.0000000000E+00
      0.0000000000E+00  0.0000000000E+00  0.0000000000E+00  0.0000000000E+00  0.0000000000E+00  0.0000000000E+00  0.0000000000E+00
      0.0000000000E+00  0.0000000000E+00  0.0000000000E+00  0.0000000000E+00  0.0000000000E+00  0.0000000000E+00
    1 1800    4   40    1    1    1    4    4
      0.0000000000E+00  1.7104368119E+00  9.2771038982E-01  4.1268526940E-01
      1.7889112737E+01  1.0000000000E+00  2.0000000000E+00  2.0000000000E+00  3.0000000000E+00  0.0000000000E+00  0.0000000000E+00
      0.0000000000E+00  0.0000000000E+00  0.0000000000E+00  0.0000000000E+00  0.0000000000E+00  0.0000000000E+00  0.0000000000E+00
      0.0000000000E+00  0.0000000000E+00  0.0000000000E+00  0.0000000000E+00  0.0000000000E+00  0.0000000000E+00
    1 1812    9   41    1    1    1    4    4
      0.0000000000E+00  1.7206900015E+00  9.3980693506E-01  4.1454770827E-01
      1.8008045824E+01  1.0000000000E+00  2.0000000000E+00  2.0000000000E+00  3.0000000000E+00  0.0000000000E+00  0.0000000000E+00
      0.0000000000E+00  0.0000000000E+00  0.0000000000E+00  0.0000000000E+00  0.0000000000E+00  0.0000000000E+00  0.0000000000E+00
      0.0000000000E+00  0.0000000000E+00  0.0000000000E+00  0.0000000000E+00  0.0000000000E+00  0.0000000000E+00
      0.0000000000E+00  0.0000000000E+00  0.0000000000E+00  0.0000000000E+00  0.0000000000E+00  0.0000000000E+00
      0.0000000000E+00  0.0000000000E+00  0.0000000000E+00  0.0000000000E+00  0.0000000000E+00  0.0000000000E+00
