0 0.019615 0.019615 2 1 
0.0399856 0.018686 0.018686 1 1 
0.0499764 0.018276 0.018276 1 1 
0.0599679 0.017889 0.017889 1 1 
0.0699633 0.017612 0.017612 1 1 
0.0799627 0.017534 0.017534 1 1 
0.0899609 0.017703 0.017703 1 1 
0.0999517 0.01811 0.01811 1 1 
0.109932 0.018709 0.018709 1 1 
0.119902 0.01945 0.01945 1 1 
0.129863 0.020293 0.020293 1 1 
0.139817 0.021208 0.021208 1 1 
0.149765 0.022177 0.022177 1 1 
0.159709 0.023184 0.023184 1 1 
0.16965 0.024221 0.024221 1 1 
0.179588 0.025279 0.025279 1 1 
0.189524 0.026355 0.026355 1 1 
0.199459 0.027445 0.027445 1 1 
0.209392 0.028545 0.028545 1 1 
0.219324 0.029654 0.029654 1 1 
0.229255 0.03077 0.03077 1 1 
0.239185 0.031893 0.031893 1 1 
0.249115 0.03302 0.03302 1 1 
0.259044 0.034151 0.034151 1 1 
0.268973 0.035285 0.035285 1 1 
0.278901 0.036422 0.036422 1 1 
0.288829 0.037562 0.037562 1 1 
0.298757 0.038704 0.038704 1 1 
0.308685 0.039847 0.039847 1 1 
0.318612 0.040992 0.040992 1 1 
0.328539 0.042137 0.042137 1 1 
0.338467 0.043284 0.043284 1 1 
0.348394 0.044432 0.044432 1 1 
0.358321 0.04558 0.04558 1 1 
0.368248 0.046729 0.046729 1 1 
0.378174 0.047878 0.047878 1 1 
0.388101 0.049028 0.049028 1 1 
0.398028 0.050178 0.050178 1 1 
0.407955 0.051328 0.051328 1 1 
0.417882 0.052478 0.052478 1 1 
0.427808 0.053628 0.053628 1 1 
0.437735 0.054778 0.054778 1 1 
0.447662 0.055928 0.055928 1 1 
0.457588 0.057078 0.057078 1 1 
0.467515 0.058228 0.058228 1 1 
0.477442 0.059377 0.059377 1 1 
0.487369 0.060527 0.060527 1 1 
0.497296 0.061676 0.061676 1 1 
0.507222 0.062825 0.062825 1 1 
0.517149 0.063973 0.063973 1 1 
0.527076 0.065122 0.065122 1 1 
0.537003 0.066269 0.066269 1 1 
0.54693 0.067417 0.067417 1 1 
0.556857 0.068564 0.068564 1 1 
0.566784 0.069711 0.069711 1 1 
0.570751 0.07017 0.07017 2 1 
0.580679 0.071316 0.071316 2 1 
0.590606 0.072462 0.072462 2 1 
0.600533 0.073607 0.073607 2 1 
0.61046 0.074752 0.074752 2 1 
0.620388 0.075897 0.075897 2 1 
0.630315 0.077041 0.077041 2 1 
0.640243 0.078185 0.078185 2 1 
0.65017 0.079328 0.079328 2 1 
0.660098 0.080471 0.080471 2 1 
0.670025 0.081614 0.081614 2 1 
0.679953 0.082756 0.082756 2 1 
0.689881 0.083897 0.083897 2 1 
0.699808 0.085038 0.085038 2 1 
0.709736 0.086179 0.086179 2 1 
0.719664 0.087319 0.087319 2 1 
0.729592 0.088458 0.088458 2 1 
0.73952 0.089597 0.089597 2 1 
0.749448 0.090736 0.090736 2 1 
0.759376 0.091874 0.091874 2 1 
0.769304 0.093011 0.093011 2 1 
0.779233 0.094148 0.094148 2 1 
0.789161 0.095285 0.095285 2 1 
0.799089 0.096421 0.096421 2 1 
0.809018 0.097556 0.097556 2 1 
0.818946 0.098691 0.098691 2 1 
0.828875 0.099826 0.099826 2 1 
0.838803 0.10096 0.10096 2 1 
0.848732 0.102093 0.102093 2 1 
0.858661 0.103226 0.103226 2 1 
0.86859 0.104359 0.104359 2 1 
0.878518 0.105491 0.105491 2 1 
0.888447 0.106622 0.106622 2 1 
0.898376 0.107753 0.107753 2 1 
0.908305 0.108883 0.108883 2 1 
0.918234 0.110013 0.110013 2 1 
0.928164 0.111142 0.111142 2 1 
0.938093 0.112271 0.112271 2 1 
0.948022 0.113399 0.113399 2 1 
0.957951 0.114527 0.114527 2 1 
0.967881 0.115655 0.115655 2 1 
0.97781 0.116781 0.116781 2 1 
0.98774 0.117908 0.117908 2 1 
0.997669 0.119033 0.119033 2 1 
1.0076 0.120158 0.120158 2 1 
1.01753 0.121283 0.121283 2 1 
1.02746 0.122407 0.122407 2 1 
1.03739 0.123531 0.123531 2 1 
1.04732 0.124654 0.124654 2 1 
1.05725 0.125777 0.125777 2 1 
1.06718 0.126899 0.126899 2 1 
1.07711 0.12802 0.12802 2 1 
1.08704 0.129142 0.129142 2 1 
1.09697 0.130262 0.130262 2 1 
1.1069 0.131382 0.131382 2 1 
1.11683 0.132502 0.132502 2 1 
1.12676 0.133621 0.133621 2 1 
1.13669 0.134739 0.134739 2 1 
1.14662 0.135857 0.135857 2 1 
1.15655 0.136975 0.136975 2 1 
1.16648 0.138092 0.138092 2 1 
1.17641 0.139209 0.139209 2 1 
1.18634 0.140325 0.140325 2 1 
1.19627 0.14144 0.14144 2 1 
1.2062 0.142555 0.142555 2 1 
1.21613 0.14367 0.14367 2 1 
1.22607 0.144784 0.144784 2 1 
1.236 0.145897 0.145897 2 1 
1.24593 0.14701 0.14701 2 1 
1.25586 0.148123 0.148123 2 1 
1.26579 0.149235 0.149235 2 1 
1.27572 0.150346 0.150346 2 1 
1.28565 0.151457 0.151457 2 1 
1.29558 0.152568 0.152568 2 1 
1.30552 0.153678 0.153678 2 1 
1.31545 0.154788 0.154788 2 1 
1.32538 0.155897 0.155897 2 1 
1.33531 0.157005 0.157005 2 1 
1.34524 0.158113 0.158113 2 1 
1.35517 0.159221 0.159221 2 1 
1.3651 0.160328 0.160328 2 1 
1.37504 0.161435 0.161435 2 1 
1.38497 0.162541 0.162541 2 1 
1.3949 0.163647 0.163647 2 1 
1.40483 0.164752 0.164752 2 1 
1.41476 0.165856 0.165856 2 1 
1.4247 0.166961 0.166961 2 1 
1.43463 0.168064 0.168064 2 1 
1.44456 0.169168 0.169168 2 1 
1.45449 0.170271 0.170271 2 1 
1.46442 0.171373 0.171373 2 1 
1.47436 0.172475 0.172475 2 1 
1.48429 0.173576 0.173576 2 1 
1.49422 0.174677 0.174677 2 1 
1.50415 0.175777 0.175777 2 1 
1.51409 0.176877 0.176877 2 1 
1.52402 0.177977 0.177977 2 1 
1.53395 0.179076 0.179076 2 1 
1.54388 0.180175 0.180175 2 1 
1.55382 0.181273 0.181273 2 1 
1.56375 0.18237 0.18237 2 1 
1.57368 0.183467 0.183467 2 1 
1.58362 0.184564 0.184564 2 1 
1.59355 0.18566 0.18566 2 1 
1.60348 0.186756 0.186756 2 1 
1.61341 0.187852 0.187852 2 1 
1.62335 0.188946 0.188946 2 1 
1.63328 0.190041 0.190041 2 1 
1.64321 0.191135 0.191135 2 1 
1.65315 0.192228 0.192228 2 1 
1.66308 0.193321 0.193321 2 1 
1.67301 0.194414 0.194414 2 1 
1.68295 0.195506 0.195506 2 1 
1.69288 0.196598 0.196598 2 1 
1.70281 0.197689 0.197689 2 1 
1.71275 0.19878 0.19878 2 1 
1.72268 0.19987 0.19987 2 1 
1.73261 0.20096 0.20096 2 1 
1.74255 0.20205 0.20205 2 1 
1.75248 0.203139 0.203139 2 1 
1.76242 0.204227 0.204227 2 1 
1.77235 0.205315 0.205315 2 1 
1.78228 0.206403 0.206403 2 1 
1.79222 0.20749 0.20749 2 1 
1.80215 0.208577 0.208577 2 1 
1.81208 0.209663 0.209663 2 1 
1.82202 0.210749 0.210749 2 1 
1.83195 0.211835 0.211835 2 1 
1.84189 0.21292 0.21292 2 1 
1.85182 0.214005 0.214005 2 1 
1.86176 0.215089 0.215089 2 1 
1.87169 0.216172 0.216172 2 1 
1.88162 0.217256 0.217256 2 1 
1.89156 0.218339 0.218339 2 1 
1.90149 0.219421 0.219421 2 1 
1.91143 0.220503 0.220503 2 1 
1.92136 0.221585 0.221585 2 1 
1.9313 0.222666 0.222666 2 1 
1.94123 0.223747 0.223747 2 1 
1.95117 0.224827 0.224827 2 1 
1.9611 0.225907 0.225907 2 1 
1.97103 0.226987 0.226987 2 1 
1.98097 0.228066 0.228066 2 1 
1.9909 0.229144 0.229144 2 1 
2.00084 0.230223 0.230223 2 1 
2.01077 0.2313 0.2313 2 1 
2.02071 0.232378 0.232378 2 1 
2.03064 0.233455 0.233455 2 1 
2.04058 0.234531 0.234531 2 1 
2.05051 0.235608 0.235608 2 1 
2.06045 0.236683 0.236683 2 1 
2.07038 0.237759 0.237759 2 1 
2.08032 0.238834 0.238834 2 1 
2.09025 0.239908 0.239908 2 1 
2.10019 0.240982 0.240982 2 1 
2.11013 0.242056 0.242056 2 1 
2.12006 0.243129 0.243129 2 1 
2.13 0.244202 0.244202 2 1 
2.13993 0.245274 0.245274 2 1 
2.14987 0.246347 0.246347 2 1 
2.1598 0.247418 0.247418 2 1 
2.16974 0.248489 0.248489 2 1 
2.17967 0.24956 0.24956 2 1 
2.18961 0.250631 0.250631 2 1 
2.19955 0.251701 0.251701 2 1 
2.20948 0.252771 0.252771 2 1 
2.21942 0.25384 0.25384 2 1 
2.22935 0.254909 0.254909 2 1 
2.23929 0.255977 0.255977 2 1 
2.24922 0.257045 0.257045 2 1 
2.25916 0.258113 0.258113 2 1 
2.2691 0.25918 0.25918 2 1 
2.27903 0.260247 0.260247 2 1 
2.28897 0.261314 0.261314 2 1 
2.2989 0.26238 0.26238 2 1 
2.30884 0.263445 0.263445 2 1 
2.31878 0.264511 0.264511 2 1 
2.32871 0.265576 0.265576 2 1 
2.33865 0.26664 0.26664 2 1 
2.34859 0.267704 0.267704 2 1 
2.35852 0.268768 0.268768 2 1 
2.36846 0.269832 0.269832 2 1 
2.37839 0.270895 0.270895 2 1 
2.38833 0.271957 0.271957 2 1 
2.39827 0.27302 0.27302 2 1 
2.4082 0.274081 0.274081 2 1 
2.41814 0.275143 0.275143 2 1 
2.42808 0.276204 0.276204 2 1 
2.43801 0.277265 0.277265 2 1 
2.44795 0.278325 0.278325 2 1 
2.45789 0.279385 0.279385 2 1 
2.46782 0.280445 0.280445 2 1 
2.47776 0.281504 0.281504 2 1 
2.4877 0.282563 0.282563 2 1 
2.49763 0.283621 0.283621 2 1 
2.50757 0.284679 0.284679 2 1 
2.51751 0.285737 0.285737 2 1 
2.52744 0.286795 0.286795 2 1 
2.53738 0.287852 0.287852 2 1 
2.54732 0.288908 0.288908 2 1 
2.55726 0.289965 0.289965 2 1 
2.56719 0.29102 0.29102 2 1 
2.57713 0.292076 0.292076 2 1 
2.58707 0.293131 0.293131 2 1 
2.597 0.294186 0.294186 2 1 
2.60694 0.29524 0.29524 2 1 
2.61688 0.296294 0.296294 2 1 
2.62682 0.297348 0.297348 2 1 
2.63675 0.298401 0.298401 2 1 
2.64669 0.299454 0.299454 2 1 
2.65663 0.300507 0.300507 2 1 
2.66657 0.301559 0.301559 2 1 
2.6765 0.302611 0.302611 2 1 
2.68644 0.303663 0.303663 2 1 
2.69638 0.304714 0.304714 2 1 
2.70632 0.305765 0.305765 2 1 
2.71625 0.306815 0.306815 2 1 
2.72619 0.307865 0.307865 2 1 
2.73613 0.308915 0.308915 2 1 
2.74607 0.309965 0.309965 2 1 
2.756 0.311014 0.311014 2 1 
2.76594 0.312062 0.312062 2 1 
2.77588 0.313111 0.313111 2 1 
2.78582 0.314159 0.314159 2 1 
2.79576 0.315207 0.315207 2 1 
2.80569 0.316254 0.316254 2 1 
2.81563 0.317301 0.317301 2 1 
2.82557 0.318347 0.318347 2 1 
2.83551 0.319394 0.319394 2 1 
2.84545 0.32044 0.32044 2 1 
2.85538 0.321485 0.321485 2 1 
2.86532 0.322531 0.322531 2 1 
2.87526 0.323575 0.323575 2 1 
2.8852 0.32462 0.32462 2 1 
2.89514 0.325664 0.325664 2 1 
2.90508 0.326708 0.326708 2 1 
2.91501 0.327752 0.327752 2 1 
2.92495 0.328795 0.328795 2 1 
2.93489 0.329838 0.329838 2 1 
2.94483 0.33088 0.33088 2 1 
2.95477 0.331922 0.331922 2 1 
2.96471 0.332964 0.332964 2 1 
2.97464 0.334006 0.334006 2 1 
2.98458 0.335047 0.335047 2 1 
2.99452 0.336088 0.336088 2 1 
3.00446 0.337128 0.337128 2 1 
3.0144 0.338169 0.338169 2 1 
3.02434 0.339208 0.339208 2 1 
3.03428 0.340248 0.340248 2 1 
3.04421 0.341287 0.341287 2 1 
3.05415 0.342326 0.342326 2 1 
3.06409 0.343364 0.343364 2 1 
3.07403 0.344403 0.344403 2 1 
3.08397 0.345441 0.345441 2 1 
3.09391 0.346478 0.346478 2 1 
3.10385 0.347515 0.347515 2 1 
3.11379 0.348552 0.348552 2 1 
3.12372 0.349589 0.349589 2 1 
3.13366 0.350625 0.350625 2 1 
3.1436 0.351661 0.351661 2 1 
3.15354 0.352697 0.352697 2 1 
3.16348 0.353732 0.353732 2 1 
3.17342 0.354767 0.354767 2 1 
3.18336 0.355801 0.355801 2 1 
3.1933 0.356836 0.356836 2 1 
3.20324 0.35787 0.35787 2 1 
3.21318 0.358903 0.358903 2 1 
3.22312 0.359937 0.359937 2 1 
3.23305 0.36097 0.36097 2 1 
3.24299 0.362002 0.362002 2 1 
3.25293 0.363035 0.363035 2 1 
3.26287 0.364067 0.364067 2 1 
3.27281 0.365099 0.365099 2 1 
3.28275 0.36613 0.36613 2 1 
3.29269 0.367161 0.367161 2 1 
3.30263 0.368192 0.368192 2 1 
3.31257 0.369223 0.369223 2 1 
3.32251 0.370253 0.370253 2 1 
3.33245 0.371283 0.371283 2 1 
3.34239 0.372312 0.372312 2 1 
3.35233 0.373342 0.373342 2 1 
3.36227 0.374371 0.374371 2 1 
3.37221 0.375399 0.375399 2 1 
3.38215 0.376428 0.376428 2 1 
3.39209 0.377456 0.377456 2 1 
3.40203 0.378483 0.378483 2 1 
3.41197 0.379511 0.379511 2 1 
3.42191 0.380538 0.380538 2 1 
3.43185 0.381565 0.381565 2 1 
3.44178 0.382591 0.382591 2 1 
3.45172 0.383618 0.383618 2 1 
3.46166 0.384643 0.384643 2 1 
3.4716 0.385669 0.385669 2 1 
3.48154 0.386694 0.386694 2 1 
3.49148 0.387719 0.387719 2 1 
3.50142 0.388744 0.388744 2 1 
3.51136 0.389769 0.389769 2 1 
3.5213 0.390793 0.390793 2 1 
3.53124 0.391816 0.391816 2 1 
3.54118 0.39284 0.39284 2 1 
3.55112 0.393863 0.393863 2 1 
3.56106 0.394886 0.394886 2 1 
3.571 0.395909 0.395909 2 1 
3.58094 0.396931 0.396931 2 1 
3.59089 0.397953 0.397953 2 1 
3.60083 0.398975 0.398975 2 1 
3.61077 0.399996 0.399996 2 1 
3.62071 0.401017 0.401017 2 1 
3.63065 0.402038 0.402038 2 1 
3.64059 0.403059 0.403059 2 1 
3.65053 0.404079 0.404079 2 1 
3.66047 0.405099 0.405099 2 1 
3.67041 0.406119 0.406119 2 1 
3.68035 0.407138 0.407138 2 1 
3.69029 0.408157 0.408157 2 1 
3.70023 0.409176 0.409176 2 1 
3.71017 0.410195 0.410195 2 1 
3.72011 0.411213 0.411213 2 1 
3.73005 0.412231 0.412231 2 1 
3.73999 0.413249 0.413249 2 1 
3.74993 0.414266 0.414266 2 1 
3.75987 0.415283 0.415283 2 1 
3.76981 0.4163 0.4163 2 1 
3.77975 0.417316 0.417316 2 1 
3.78969 0.418333 0.418333 2 1 
3.79963 0.419349 0.419349 2 1 
3.80958 0.420364 0.420364 2 1 
3.81952 0.42138 0.42138 2 1 
3.82946 0.422395 0.422395 2 1 
3.8394 0.42341 0.42341 2 1 
3.84934 0.424424 0.424424 2 1 
3.85928 0.425439 0.425439 2 1 
3.86922 0.426453 0.426453 2 1 
3.87916 0.427466 0.427466 2 1 
3.8891 0.42848 0.42848 2 1 
3.89904 0.429493 0.429493 2 1 
3.90898 0.430506 0.430506 2 1 
3.91892 0.431519 0.431519 2 1 
3.92887 0.432531 0.432531 2 1 
3.93881 0.433543 0.433543 2 1 
3.94875 0.434555 0.434555 2 1 
3.95869 0.435566 0.435566 2 1 
3.96863 0.436578 0.436578 2 1 
3.97857 0.437589 0.437589 2 1 
3.98851 0.438599 0.438599 2 1 
3.99845 0.43961 0.43961 2 1 
4.00839 0.44062 0.44062 2 1 
4.01833 0.44163 0.44163 2 1 
4.02828 0.442639 0.442639 2 1 
4.03822 0.443649 0.443649 2 1 
4.04816 0.444658 0.444658 2 1 
4.0581 0.445667 0.445667 2 1 
4.06334 0.446199 0.446199 2 1 
4.07328 0.447207 0.447207 1 1 
4.08322 0.448215 0.448215 1 1 
4.09317 0.449223 0.449223 1 1 
4.10311 0.450231 0.450231 1 1 
4.11305 0.451238 0.451238 1 1 
4.12299 0.452245 0.452245 1 1 
4.13293 0.453252 0.453252 1 1 
4.14287 0.454258 0.454258 1 1 
4.15281 0.455265 0.455265 1 1 
4.16276 0.456271 0.456271 1 1 
4.1727 0.457276 0.457276 1 1 
4.18264 0.458282 0.458282 1 1 
4.19258 0.459287 0.459287 1 1 
4.20252 0.460292 0.460292 1 1 
4.21246 0.461297 0.461297 1 1 
4.2224 0.462301 0.462301 1 1 
4.23235 0.463306 0.463306 1 1 
4.24229 0.464309 0.464309 1 1 
4.25223 0.465313 0.465313 1 1 
4.26217 0.466317 0.466317 1 1 
4.27211 0.46732 0.46732 1 1 
4.28205 0.468323 0.468323 1 1 
4.292 0.469325 0.469325 1 1 
4.30194 0.470328 0.470328 1 1 
4.31188 0.47133 0.47133 1 1 
4.32182 0.472332 0.472332 1 1 
4.33176 0.473333 0.473333 1 1 
4.3417 0.474335 0.474335 1 1 
4.35165 0.475336 0.475336 1 1 
4.36159 0.476337 0.476337 1 1 
4.37153 0.477337 0.477337 1 1 
4.38147 0.478338 0.478338 1 1 
4.39141 0.479338 0.479338 1 1 
4.40136 0.480338 0.480338 1 1 
4.4113 0.481337 0.481337 1 1 
4.42124 0.482337 0.482337 1 1 
4.43118 0.483336 0.483336 1 1 
4.44112 0.484334 0.484334 1 1 
4.45107 0.485333 0.485333 1 1 
4.46101 0.486331 0.486331 1 1 
4.47095 0.48733 0.48733 1 1 
4.48089 0.488327 0.488327 1 1 
4.49083 0.489325 0.489325 1 1 
4.50078 0.490322 0.490322 1 1 
4.51072 0.491319 0.491319 1 1 
4.52066 0.492316 0.492316 1 1 
4.5306 0.493313 0.493313 1 1 
4.54054 0.494309 0.494309 1 1 
4.55049 0.495305 0.495305 1 1 
4.56043 0.496301 0.496301 1 1 
4.57037 0.497297 0.497297 1 1 
4.58031 0.498292 0.498292 1 1 
4.59025 0.499288 0.499288 1 1 
4.6002 0.500282 0.500282 1 1 
4.61014 0.501277 0.501277 1 1 
4.62008 0.502272 0.502272 1 1 
4.63002 0.503266 0.503266 1 1 
4.63997 0.50426 0.50426 1 1 
4.64991 0.505253 0.505253 1 1 
4.65985 0.506247 0.506247 1 1 
4.66979 0.50724 0.50724 1 1 
4.67974 0.508233 0.508233 1 1 
4.68968 0.509226 0.509226 1 1 
4.69962 0.510218 0.510218 1 1 
4.70956 0.511211 0.511211 1 1 
4.7195 0.512203 0.512203 1 1 
4.72945 0.513195 0.513195 1 1 
4.73939 0.514186 0.514186 1 1 
4.74933 0.515177 0.515177 1 1 
4.75927 0.516169 0.516169 1 1 
4.76922 0.517159 0.517159 1 1 
4.77916 0.51815 0.51815 1 1 
4.7891 0.51914 0.51914 1 1 
4.79904 0.520131 0.520131 1 1 
4.80899 0.521121 0.521121 1 1 
4.81893 0.52211 0.52211 1 1 
4.82887 0.5231 0.5231 1 1 
4.83881 0.524089 0.524089 1 1 
4.84876 0.525078 0.525078 1 1 
4.8587 0.526067 0.526067 1 1 
4.86864 0.527055 0.527055 1 1 
4.87858 0.528044 0.528044 1 1 
4.88853 0.529032 0.529032 1 1 
4.89847 0.530019 0.530019 1 1 
4.90841 0.531007 0.531007 1 1 
4.91836 0.531994 0.531994 1 1 
4.9283 0.532982 0.532982 1 1 
4.93824 0.533969 0.533969 1 1 
4.94818 0.534955 0.534955 1 1 
4.95813 0.535942 0.535942 1 1 
4.96807 0.536928 0.536928 1 1 
4.97801 0.537914 0.537914 1 1 
4.98795 0.5389 0.5389 1 1 
4.9979 0.539885 0.539885 1 1 
5.00784 0.540871 0.540871 1 1 
5.01778 0.541856 0.541856 1 1 
5.02773 0.542841 0.542841 1 1 
5.03767 0.543825 0.543825 1 1 
5.04761 0.54481 0.54481 1 1 
5.05755 0.545794 0.545794 1 1 
5.0675 0.546778 0.546778 1 1 
5.07744 0.547762 0.547762 1 1 
5.08738 0.548746 0.548746 1 1 
5.09733 0.549729 0.549729 1 1 
5.10727 0.550712 0.550712 1 1 
5.11721 0.551695 0.551695 1 1 
5.12715 0.552678 0.552678 1 1 
5.1371 0.55366 0.55366 1 1 
5.14704 0.554642 0.554642 1 1 
5.15698 0.555624 0.555624 1 1 
5.16693 0.556606 0.556606 1 1 
5.17687 0.557588 0.557588 1 1 
5.18681 0.558569 0.558569 1 1 
5.19676 0.55955 0.55955 1 1 
5.2067 0.560531 0.560531 1 1 
5.21664 0.561512 0.561512 1 1 
5.22658 0.562492 0.562492 1 1 
5.23653 0.563473 0.563473 1 1 
5.24647 0.564453 0.564453 1 1 
5.25641 0.565433 0.565433 1 1 
5.26636 0.566412 0.566412 1 1 
5.2763 0.567392 0.567392 1 1 
5.28624 0.568371 0.568371 1 1 
5.29619 0.56935 0.56935 1 1 
5.30613 0.570329 0.570329 1 1 
5.31607 0.571307 0.571307 1 1 
5.32602 0.572286 0.572286 1 1 
5.33596 0.573264 0.573264 1 1 
5.3459 0.574242 0.574242 1 1 
5.35585 0.575219 0.575219 1 1 
5.36579 0.576197 0.576197 1 1 
5.37573 0.577174 0.577174 1 1 
5.38567 0.578151 0.578151 1 1 
5.39562 0.579128 0.579128 1 1 
5.40556 0.580105 0.580105 1 1 
5.4155 0.581081 0.581081 1 1 
5.42545 0.582057 0.582057 1 1 
5.43539 0.583034 0.583034 1 1 
5.44533 0.584009 0.584009 1 1 
5.45528 0.584985 0.584985 1 1 
5.46522 0.58596 0.58596 1 1 
5.47516 0.586936 0.586936 1 1 
5.48511 0.587911 0.587911 1 1 
5.49505 0.588885 0.588885 1 1 
5.50499 0.58986 0.58986 1 1 
5.51494 0.590834 0.590834 1 1 
5.52488 0.591809 0.591809 1 1 
5.53482 0.592783 0.592783 1 1 
5.54477 0.593756 0.593756 1 1 
5.55471 0.59473 0.59473 1 1 
5.56465 0.595703 0.595703 1 1 
5.5746 0.596676 0.596676 1 1 
5.58454 0.597649 0.597649 1 1 
5.59449 0.598622 0.598622 1 1 
5.60443 0.599595 0.599595 1 1 
5.61437 0.600567 0.600567 1 1 
5.62432 0.601539 0.601539 1 1 
5.63426 0.602511 0.602511 1 1 
5.6442 0.603483 0.603483 1 1 
5.65415 0.604454 0.604454 1 1 
5.66409 0.605426 0.605426 1 1 
5.67403 0.606397 0.606397 1 1 
5.68398 0.607368 0.607368 1 1 
5.69392 0.608338 0.608338 1 1 
5.70386 0.609309 0.609309 1 1 
5.71381 0.610279 0.610279 1 1 
5.72375 0.611249 0.611249 1 1 
5.73369 0.612219 0.612219 1 1 
5.74364 0.613189 0.613189 1 1 
5.75358 0.614159 0.614159 1 1 
5.76352 0.615128 0.615128 1 1 
5.77347 0.616097 0.616097 1 1 
5.78341 0.617066 0.617066 1 1 
5.79336 0.618035 0.618035 1 1 
5.8033 0.619003 0.619003 1 1 
5.81324 0.619972 0.619972 1 1 
5.82319 0.62094 0.62094 1 1 
5.83313 0.621908 0.621908 1 1 
5.84307 0.622876 0.622876 1 1 
5.85302 0.623843 0.623843 1 1 
5.86296 0.624811 0.624811 1 1 
5.8729 0.625778 0.625778 1 1 
5.88285 0.626745 0.626745 1 1 
5.89279 0.627712 0.627712 1 1 
5.90274 0.628678 0.628678 1 1 
5.91268 0.629645 0.629645 1 1 
5.92262 0.630611 0.630611 1 1 
5.93257 0.631577 0.631577 1 1 
5.94251 0.632543 0.632543 1 1 
5.95245 0.633509 0.633509 1 1 
5.9624 0.634474 0.634474 1 1 
5.97234 0.635439 0.635439 1 1 
5.98229 0.636404 0.636404 1 1 
5.99223 0.637369 0.637369 1 1 
6.00217 0.638334 0.638334 1 1 
6.01212 0.639299 0.639299 1 1 
6.02206 0.640263 0.640263 1 1 
6.032 0.641227 0.641227 1 1 
6.04195 0.642191 0.642191 1 1 
6.05189 0.643155 0.643155 1 1 
6.06184 0.644118 0.644118 1 1 
6.07178 0.645082 0.645082 1 1 
6.08172 0.646045 0.646045 1 1 
6.09167 0.647008 0.647008 1 1 
6.10161 0.647971 0.647971 1 1 
6.11155 0.648933 0.648933 1 1 
6.1215 0.649896 0.649896 1 1 
6.13144 0.650858 0.650858 1 1 
6.14139 0.65182 0.65182 1 1 
6.15133 0.652782 0.652782 1 1 
6.16127 0.653744 0.653744 1 1 
6.17122 0.654705 0.654705 1 1 
6.18116 0.655667 0.655667 1 1 
6.1911 0.656628 0.656628 1 1 
6.20105 0.657589 0.657589 1 1 
6.21099 0.65855 0.65855 1 1 
6.22094 0.65951 0.65951 1 1 
6.23088 0.660471 0.660471 1 1 
6.24082 0.661431 0.661431 1 1 
6.25077 0.662391 0.662391 1 1 
6.26071 0.663351 0.663351 1 1 
6.27066 0.664311 0.664311 1 1 
6.2806 0.66527 0.66527 1 1 
6.29054 0.666229 0.666229 1 1 
6.30049 0.667189 0.667189 1 1 
6.31043 0.668148 0.668148 1 1 
6.32038 0.669106 0.669106 1 1 
6.33032 0.670065 0.670065 1 1 
6.34026 0.671024 0.671024 1 1 
6.35021 0.671982 0.671982 1 1 
6.36015 0.67294 0.67294 1 1 
6.37009 0.673898 0.673898 1 1 
6.38004 0.674855 0.674855 1 1 
6.38998 0.675813 0.675813 1 1 
6.39993 0.67677 0.67677 1 1 
6.40987 0.677728 0.677728 1 1 
6.41981 0.678685 0.678685 1 1 
6.42976 0.679641 0.679641 1 1 
6.4397 0.680598 0.680598 1 1 
6.44965 0.681555 0.681555 1 1 
6.45959 0.682511 0.682511 1 1 
6.46953 0.683467 0.683467 1 1 
6.47948 0.684423 0.684423 1 1 
6.48942 0.685379 0.685379 1 1 
6.49937 0.686334 0.686334 1 1 
6.50931 0.68729 0.68729 1 1 
6.51925 0.688245 0.688245 1 1 
6.5292 0.6892 0.6892 1 1 
6.53914 0.690155 0.690155 1 1 
6.54909 0.69111 0.69111 1 1 
6.55903 0.692064 0.692064 1 1 
6.56897 0.693019 0.693019 1 1 
6.57892 0.693973 0.693973 1 1 
6.58886 0.694927 0.694927 1 1 
6.59881 0.695881 0.695881 1 1 
6.60875 0.696835 0.696835 1 1 
6.61869 0.697788 0.697788 1 1 
6.62864 0.698742 0.698742 1 1 
6.63858 0.699695 0.699695 1 1 
6.64853 0.700648 0.700648 1 1 
6.65847 0.701601 0.701601 1 1 
6.66841 0.702553 0.702553 1 1 
6.67836 0.703506 0.703506 1 1 
6.6883 0.704458 0.704458 1 1 
6.69825 0.70541 0.70541 1 1 
6.70819 0.706362 0.706362 1 1 
6.71813 0.707314 0.707314 1 1 
6.72808 0.708266 0.708266 1 1 
6.73802 0.709217 0.709217 1 1 
6.74797 0.710169 0.710169 1 1 
6.75791 0.71112 0.71112 1 1 
6.76786 0.712071 0.712071 1 1 
6.7778 0.713022 0.713022 1 1 
6.78774 0.713972 0.713972 1 1 
6.79769 0.714923 0.714923 1 1 
6.80763 0.715873 0.715873 1 1 
6.81758 0.716823 0.716823 1 1 
6.82752 0.717773 0.717773 1 1 
6.83746 0.718723 0.718723 1 1 
6.84741 0.719673 0.719673 1 1 
6.85735 0.720622 0.720622 1 1 
6.8673 0.721572 0.721572 1 1 
6.87724 0.722521 0.722521 1 1 
6.88718 0.72347 0.72347 1 1 
6.89713 0.724419 0.724419 1 1 
6.90707 0.725367 0.725367 1 1 
6.91702 0.726316 0.726316 1 1 
6.92696 0.727264 0.727264 1 1 
6.9369 0.728212 0.728212 1 1 
6.94685 0.72916 0.72916 1 1 
6.95679 0.730108 0.730108 1 1 
6.96674 0.731056 0.731056 1 1 
6.97668 0.732003 0.732003 1 1 
6.98662 0.732951 0.732951 1 1 
6.99657 0.733898 0.733898 1 1 
7.00651 0.734845 0.734845 1 1 
7.01646 0.735792 0.735792 1 1 
7.0264 0.736739 0.736739 1 1 
7.03635 0.737685 0.737685 1 1 
7.04629 0.738632 0.738632 1 1 
7.05623 0.739578 0.739578 1 1 
7.06618 0.740524 0.740524 1 1 
7.07612 0.74147 0.74147 1 1 
7.08607 0.742416 0.742416 1 1 
7.09601 0.743361 0.743361 1 1 
7.10595 0.744307 0.744307 1 1 
7.1159 0.745252 0.745252 1 1 
7.12584 0.746197 0.746197 1 1 
7.13579 0.747142 0.747142 1 1 
7.14573 0.748087 0.748087 1 1 
7.15567 0.749032 0.749032 1 1 
7.16562 0.749976 0.749976 1 1 
7.17556 0.75092 0.75092 1 1 
7.18551 0.751865 0.751865 1 1 
7.19545 0.752809 0.752809 1 1 
7.20539 0.753753 0.753753 1 1 
7.21534 0.754696 0.754696 1 1 
7.22528 0.75564 0.75564 1 1 
7.23523 0.756583 0.756583 1 1 
7.24517 0.757526 0.757526 1 1 
7.25512 0.75847 0.75847 1 1 
7.26506 0.759412 0.759412 1 1 
7.275 0.760355 0.760355 1 1 
7.28495 0.761298 0.761298 1 1 
7.29489 0.76224 0.76224 1 1 
7.30484 0.763183 0.763183 1 1 
7.31478 0.764125 0.764125 1 1 
7.32472 0.765067 0.765067 1 1 
7.33467 0.766009 0.766009 1 1 
7.34461 0.76695 0.76695 1 1 
7.35456 0.767892 0.767892 1 1 
7.3645 0.768833 0.768833 1 1 
7.37444 0.769775 0.769775 1 1 
7.38439 0.770716 0.770716 1 1 
7.39433 0.771657 0.771657 1 1 
7.40428 0.772597 0.772597 1 1 
7.41422 0.773538 0.773538 1 1 
7.42416 0.774479 0.774479 1 1 
7.43411 0.775419 0.775419 1 1 
7.44405 0.776359 0.776359 1 1 
7.454 0.777299 0.777299 1 1 
7.46394 0.778239 0.778239 1 1 
7.47388 0.779179 0.779179 1 1 
7.48383 0.780118 0.780118 1 1 
7.49377 0.781058 0.781058 1 1 
7.50372 0.781997 0.781997 1 1 
7.51366 0.782936 0.782936 1 1 
7.52361 0.783875 0.783875 1 1 
7.53355 0.784814 0.784814 1 1 
7.54349 0.785753 0.785753 1 1 
7.55344 0.786691 0.786691 1 1 
7.56338 0.78763 0.78763 1 1 
7.57333 0.788568 0.788568 1 1 
7.58327 0.789506 0.789506 1 1 
7.59321 0.790444 0.790444 1 1 
7.60316 0.791382 0.791382 1 1 
7.6131 0.792319 0.792319 1 1 
7.62305 0.793257 0.793257 1 1 
7.63299 0.794194 0.794194 1 1 
7.64293 0.795131 0.795131 1 1 
7.65288 0.796069 0.796069 1 1 
7.66282 0.797005 0.797005 1 1 
7.67277 0.797942 0.797942 1 1 
7.68271 0.798879 0.798879 1 1 
7.69265 0.799815 0.799815 1 1 
7.7026 0.800752 0.800752 1 1 
7.71254 0.801688 0.801688 1 1 
7.72249 0.802624 0.802624 1 1 
7.73243 0.80356 0.80356 1 1 
7.74237 0.804496 0.804496 1 1 
7.75232 0.805431 0.805431 1 1 
7.76226 0.806367 0.806367 1 1 
7.77221 0.807302 0.807302 1 1 
7.78215 0.808237 0.808237 1 1 
7.79209 0.809172 0.809172 1 1 
7.80204 0.810107 0.810107 1 1 
7.81198 0.811042 0.811042 1 1 
7.82193 0.811976 0.811976 1 1 
7.83187 0.812911 0.812911 1 1 
7.84181 0.813845 0.813845 1 1 
7.85176 0.814779 0.814779 1 1 
7.8617 0.815714 0.815714 1 1 
7.87164 0.816647 0.816647 1 1 
7.88159 0.817581 0.817581 1 1 
7.89153 0.818515 0.818515 1 1 
7.90148 0.819448 0.819448 1 1 
7.91142 0.820382 0.820382 1 1 
7.92136 0.821315 0.821315 1 1 
7.93131 0.822248 0.822248 1 1 
7.94125 0.823181 0.823181 1 1 
7.9512 0.824114 0.824114 1 1 
7.96114 0.825046 0.825046 1 1 
7.97108 0.825979 0.825979 1 1 
7.98103 0.826911 0.826911 1 1 
7.99097 0.827843 0.827843 1 1 
8.00092 0.828775 0.828775 1 1 
8.01086 0.829707 0.829707 1 1 
8.0208 0.830639 0.830639 1 1 
8.03075 0.831571 0.831571 1 1 
8.04069 0.832502 0.832502 1 1 
8.05064 0.833434 0.833434 1 1 
8.06058 0.834365 0.834365 1 1 
8.07052 0.835296 0.835296 1 1 
8.08047 0.836227 0.836227 1 1 
8.09041 0.837158 0.837158 1 1 
8.10035 0.838089 0.838089 1 1 
8.1103 0.839019 0.839019 1 1 
8.12024 0.83995 0.83995 1 1 
8.13019 0.84088 0.84088 1 1 
8.14013 0.84181 0.84181 1 1 
8.15007 0.84274 0.84274 1 1 
8.16002 0.84367 0.84367 1 1 
8.16996 0.8446 0.8446 1 1 
8.1799 0.845529 0.845529 1 1 
8.18985 0.846459 0.846459 1 1 
8.19979 0.847388 0.847388 1 1 
8.20974 0.848317 0.848317 1 1 
8.21968 0.849246 0.849246 1 1 
8.22962 0.850175 0.850175 1 1 
8.23957 0.851104 0.851104 1 1 
8.24951 0.852033 0.852033 1 1 
8.25945 0.852961 0.852961 1 1 
8.2694 0.85389 0.85389 1 1 
8.27934 0.854818 0.854818 1 1 
8.28929 0.855746 0.855746 1 1 
8.29923 0.856674 0.856674 1 1 
8.30917 0.857602 0.857602 1 1 
8.31912 0.85853 0.85853 1 1 
8.32906 0.859457 0.859457 1 1 
8.339 0.860385 0.860385 1 1 
8.34895 0.861312 0.861312 1 1 
8.35889 0.862239 0.862239 1 1 
8.36884 0.863167 0.863167 1 1 
8.37878 0.864094 0.864094 1 1 
8.38872 0.86502 0.86502 1 1 
8.39867 0.865947 0.865947 1 1 
8.40861 0.866874 0.866874 1 1 
8.41855 0.8678 0.8678 1 1 
8.4285 0.868726 0.868726 1 1 
8.43844 0.869652 0.869652 1 1 
8.44838 0.870578 0.870578 1 1 
8.45833 0.871504 0.871504 1 1 
8.46827 0.87243 0.87243 1 1 
8.47822 0.873356 0.873356 1 1 
8.48816 0.874281 0.874281 1 1 
8.4981 0.875207 0.875207 1 1 
8.50805 0.876132 0.876132 1 1 
8.51799 0.877057 0.877057 1 1 
8.52793 0.877982 0.877982 1 1 
8.53788 0.878907 0.878907 1 1 
8.54782 0.879832 0.879832 1 1 
8.55776 0.880756 0.880756 1 1 
8.56771 0.881681 0.881681 1 1 
8.57765 0.882605 0.882605 1 1 
8.58759 0.883529 0.883529 1 1 
8.59754 0.884454 0.884454 1 1 
8.60748 0.885377 0.885377 1 1 
8.61743 0.886301 0.886301 1 1 
8.62737 0.887225 0.887225 1 1 
8.63731 0.888149 0.888149 1 1 
8.64726 0.889072 0.889072 1 1 
8.6572 0.889995 0.889995 1 1 
8.66714 0.890919 0.890919 1 1 
8.67709 0.891842 0.891842 1 1 
8.68703 0.892765 0.892765 1 1 
8.69697 0.893688 0.893688 1 1 
8.70692 0.89461 0.89461 1 1 
8.71686 0.895533 0.895533 1 1 
8.7268 0.896455 0.896455 1 1 
8.73675 0.897378 0.897378 1 1 
8.74669 0.8983 0.8983 1 1 
8.75663 0.899222 0.899222 1 1 
8.76658 0.900144 0.900144 1 1 
8.77652 0.901066 0.901066 1 1 
8.78646 0.901988 0.901988 1 1 
8.79641 0.902909 0.902909 1 1 
8.80635 0.903831 0.903831 1 1 
8.81629 0.904752 0.904752 1 1 
8.82624 0.905673 0.905673 1 1 
8.83618 0.906594 0.906594 1 1 
8.84612 0.907515 0.907515 1 1 
8.85607 0.908436 0.908436 1 1 
8.86601 0.909357 0.909357 1 1 
8.87595 0.910277 0.910277 1 1 
8.8859 0.911198 0.911198 1 1 
8.89584 0.912118 0.912118 1 1 
8.90578 0.913038 0.913038 1 1 
8.91573 0.913959 0.913959 1 1 
8.92567 0.914879 0.914879 1 1 
8.93561 0.915798 0.915798 1 1 
8.94556 0.916718 0.916718 1 1 
8.9555 0.917638 0.917638 1 1 
8.96544 0.918557 0.918557 1 1 
8.97539 0.919477 0.919477 1 1 
8.98533 0.920396 0.920396 1 1 
8.99527 0.921315 0.921315 1 1 
9.00521 0.922234 0.922234 1 1 
9.01516 0.923153 0.923153 1 1 
9.0251 0.924072 0.924072 1 1 
9.03504 0.924991 0.924991 1 1 
9.04499 0.925909 0.925909 1 1 
9.05493 0.926828 0.926828 1 1 
9.06487 0.927746 0.927746 1 1 
9.07482 0.928664 0.928664 1 1 
9.08476 0.929582 0.929582 1 1 
9.0947 0.9305 0.9305 1 1 
9.10465 0.931418 0.931418 1 1 
9.11459 0.932336 0.932336 1 1 
9.12453 0.933253 0.933253 1 1 
9.13447 0.934171 0.934171 1 1 
9.14442 0.935088 0.935088 1 1 
9.15436 0.936005 0.936005 1 1 
9.1643 0.936923 0.936923 1 1 
9.17425 0.93784 0.93784 1 1 
9.18419 0.938756 0.938756 1 1 
9.19413 0.939673 0.939673 1 1 
9.20408 0.94059 0.94059 1 1 
9.21402 0.941506 0.941506 1 1 
9.22396 0.942423 0.942423 1 1 
9.2339 0.943339 0.943339 1 1 
9.24385 0.944255 0.944255 1 1 
9.25379 0.945171 0.945171 1 1 
9.26373 0.946087 0.946087 1 1 
9.27368 0.947003 0.947003 1 1 
9.28362 0.947919 0.947919 1 1 
9.29356 0.948835 0.948835 1 1 
9.3035 0.94975 0.94975 1 1 
9.31345 0.950665 0.950665 1 1 
9.32339 0.951581 0.951581 1 1 
9.33333 0.952496 0.952496 1 1 
9.34328 0.953411 0.953411 1 1 
9.35322 0.954326 0.954326 1 1 
9.36316 0.955241 0.955241 1 1 
9.3731 0.956155 0.956155 1 1 
9.38305 0.95707 0.95707 1 1 
9.39299 0.957984 0.957984 1 1 
9.40293 0.958899 0.958899 1 1 
9.41287 0.959813 0.959813 1 1 
9.42282 0.960727 0.960727 1 1 
9.43276 0.961641 0.961641 1 1 
9.4427 0.962555 0.962555 1 1 
9.45265 0.963469 0.963469 1 1 
9.46259 0.964382 0.964382 1 1 
9.47253 0.965296 0.965296 1 1 
9.48247 0.966209 0.966209 1 1 
9.49242 0.967123 0.967123 1 1 
9.50236 0.968036 0.968036 1 1 
9.5123 0.968949 0.968949 1 1 
9.52224 0.969862 0.969862 1 1 
9.53219 0.970775 0.970775 1 1 
9.54213 0.971688 0.971688 1 1 
9.55207 0.9726 0.9726 1 1 
9.56201 0.973513 0.973513 1 1 
9.57196 0.974425 0.974425 1 1 
9.5819 0.975338 0.975338 1 1 
9.59184 0.97625 0.97625 1 1 
9.60178 0.977162 0.977162 1 1 
9.61173 0.978074 0.978074 1 1 
9.62167 0.978986 0.978986 1 1 
9.63161 0.979898 0.979898 1 1 
9.64155 0.980809 0.980809 1 1 
9.6515 0.981721 0.981721 1 1 
9.66144 0.982632 0.982632 1 1 
9.67138 0.983544 0.983544 1 1 
9.68132 0.984455 0.984455 1 1 
9.69127 0.985366 0.985366 1 1 
9.70121 0.986277 0.986277 1 1 
9.71115 0.987188 0.987188 1 1 
9.72109 0.988099 0.988099 1 1 
9.73104 0.98901 0.98901 1 1 
9.74098 0.98992 0.98992 1 1 
9.75092 0.990831 0.990831 1 1 
9.76086 0.991741 0.991741 1 1 
9.7708 0.992651 0.992651 1 1 
9.78075 0.993561 0.993561 1 1 
9.79069 0.994471 0.994471 1 1 
9.80063 0.995381 0.995381 1 1 
9.81057 0.996291 0.996291 1 1 
9.82052 0.997201 0.997201 1 1 
9.83046 0.99811 0.99811 1 1 
9.8404 0.99902 0.99902 1 1 
9.85034 0.999929 0.999929 1 1 
9.86028 1.00084 1.00084 1 1 
9.87023 1.00175 1.00175 1 1 
9.88017 1.00266 1.00266 1 1 
9.89011 1.00357 1.00357 1 1 
9.90005 1.00448 1.00448 1 1 
9.90999 1.00538 1.00538 1 1 
9.91994 1.00629 1.00629 1 1 
9.92988 1.0072 1.0072 1 1 
9.93982 1.00811 1.00811 1 1 
9.94976 1.00902 1.00902 1 1 
9.9597 1.00993 1.00993 1 1 
9.96965 1.01083 1.01083 1 1 
9.97959 1.01174 1.01174 1 1 
9.98953 1.01265 1.01265 1 1 
9.99947 1.01356 1.01356 1 1 
10.0094 1.01446 1.01446 1 1 
10.0194 1.01537 1.01537 1 1 
10.0293 1.01628 1.01628 1 1 
10.0392 1.01719 1.01719 1 1 
10.0492 1.01809 1.01809 1 1 
10.0591 1.019 1.019 1 1 
10.0691 1.01991 1.01991 1 1 
10.079 1.02082 1.02082 1 1 
10.0889 1.02172 1.02172 1 1 
10.0989 1.02263 1.02263 1 1 
10.1088 1.02354 1.02354 1 1 
10.1188 1.02444 1.02444 1 1 
10.1287 1.02535 1.02535 1 1 
10.1387 1.02626 1.02626 1 1 
10.1486 1.02716 1.02716 1 1 
10.1585 1.02807 1.02807 1 1 
10.1685 1.02897 1.02897 1 1 
10.1784 1.02988 1.02988 1 1 
10.1884 1.03079 1.03079 1 1 
10.1983 1.03169 1.03169 1 1 
10.2082 1.0326 1.0326 1 1 
10.2182 1.0335 1.0335 1 1 
10.2281 1.03441 1.03441 1 1 
10.2381 1.03531 1.03531 1 1 
10.248 1.03622 1.03622 1 1 
10.258 1.03712 1.03712 1 1 
10.2679 1.03803 1.03803 1 1 
10.2778 1.03893 1.03893 1 1 
10.2878 1.03984 1.03984 1 1 
10.2977 1.04074 1.04074 1 1 
10.3077 1.04165 1.04165 1 1 
10.3176 1.04255 1.04255 1 1 
10.3275 1.04346 1.04346 1 1 
10.3375 1.04436 1.04436 1 1 
10.3474 1.04527 1.04527 1 1 
10.3574 1.04617 1.04617 1 1 
10.3673 1.04707 1.04707 1 1 
10.3773 1.04798 1.04798 1 1 
10.3872 1.04888 1.04888 1 1 
10.3971 1.04978 1.04978 1 1 
10.4071 1.05069 1.05069 1 1 
10.417 1.05159 1.05159 1 1 
10.427 1.05249 1.05249 1 1 
10.4369 1.0534 1.0534 1 1 
10.4468 1.0543 1.0543 1 1 
10.4568 1.0552 1.0552 1 1 
10.4667 1.05611 1.05611 1 1 
10.4767 1.05701 1.05701 1 1 
10.4866 1.05791 1.05791 1 1 
10.4965 1.05882 1.05882 1 1 
10.5065 1.05972 1.05972 1 1 
10.5164 1.06062 1.06062 1 1 
10.5264 1.06152 1.06152 1 1 
10.5363 1.06243 1.06243 1 1 
10.5463 1.06333 1.06333 1 1 
10.5562 1.06423 1.06423 1 1 
10.5661 1.06513 1.06513 1 1 
10.5761 1.06604 1.06604 1 1 
10.586 1.06694 1.06694 1 1 
10.596 1.06784 1.06784 1 1 
10.6059 1.06874 1.06874 1 1 
10.6158 1.06964 1.06964 1 1 
10.6258 1.07054 1.07054 1 1 
10.6357 1.07144 1.07144 1 1 
10.6457 1.07235 1.07235 1 1 
10.6556 1.07325 1.07325 1 1 
10.6655 1.07415 1.07415 1 1 
10.6755 1.07505 1.07505 1 1 
10.6854 1.07595 1.07595 1 1 
10.6954 1.07685 1.07685 1 1 
10.7053 1.07775 1.07775 1 1 
10.7152 1.07865 1.07865 1 1 
10.7252 1.07955 1.07955 1 1 
10.7351 1.08045 1.08045 1 1 
10.7451 1.08135 1.08135 1 1 
10.755 1.08225 1.08225 1 1 
10.765 1.08315 1.08315 1 1 
10.7749 1.08405 1.08405 1 1 
10.7848 1.08495 1.08495 1 1 
10.7948 1.08585 1.08585 1 1 
10.8047 1.08675 1.08675 1 1 
10.8147 1.08765 1.08765 1 1 
10.8246 1.08855 1.08855 1 1 
10.8345 1.08945 1.08945 1 1 
10.8445 1.09035 1.09035 1 1 
10.8544 1.09125 1.09125 1 1 
10.8644 1.09215 1.09215 1 1 
10.8743 1.09305 1.09305 1 1 
10.8842 1.09395 1.09395 1 1 
10.8942 1.09485 1.09485 1 1 
10.9041 1.09574 1.09574 1 1 
10.9141 1.09664 1.09664 1 1 
10.924 1.09754 1.09754 1 1 
10.9339 1.09844 1.09844 1 1 
10.9439 1.09934 1.09934 1 1 
10.9538 1.10024 1.10024 1 1 
10.9638 1.10114 1.10114 1 1 
10.9737 1.10203 1.10203 1 1 
10.9836 1.10293 1.10293 1 1 
10.9936 1.10383 1.10383 1 1 
11.0035 1.10473 1.10473 1 1 
11.0135 1.10563 1.10563 1 1 
11.0234 1.10652 1.10652 1 1 
11.0333 1.10742 1.10742 1 1 
11.0433 1.10832 1.10832 1 1 
11.0532 1.10922 1.10922 1 1 
11.0632 1.11011 1.11011 1 1 
11.0731 1.11101 1.11101 1 1 
11.083 1.11191 1.11191 1 1 
11.093 1.11281 1.11281 1 1 
11.1029 1.1137 1.1137 1 1 
11.1129 1.1146 1.1146 1 1 
11.1228 1.1155 1.1155 1 1 
11.1327 1.11639 1.11639 1 1 
11.1427 1.11729 1.11729 1 1 
11.1526 1.11818 1.11818 1 1 
11.1626 1.11908 1.11908 1 1 
11.1725 1.11998 1.11998 1 1 
11.1824 1.12087 1.12087 1 1 
11.1924 1.12177 1.12177 1 1 
11.2023 1.12267 1.12267 1 1 
11.2123 1.12356 1.12356 1 1 
11.2222 1.12446 1.12446 1 1 
11.2321 1.12535 1.12535 1 1 
11.2421 1.12625 1.12625 1 1 
11.252 1.12715 1.12715 1 1 
11.262 1.12804 1.12804 1 1 
11.2719 1.12894 1.12894 1 1 
11.2818 1.12983 1.12983 1 1 
11.2918 1.13073 1.13073 1 1 
11.3017 1.13162 1.13162 1 1 
11.3117 1.13252 1.13252 1 1 
11.3216 1.13341 1.13341 1 1 
11.3315 1.13431 1.13431 1 1 
11.3415 1.1352 1.1352 1 1 
11.3514 1.1361 1.1361 1 1 
11.3614 1.13699 1.13699 1 1 
11.3713 1.13789 1.13789 1 1 
11.3812 1.13878 1.13878 1 1 
11.3912 1.13967 1.13967 1 1 
11.4011 1.14057 1.14057 1 1 
11.4111 1.14146 1.14146 1 1 
11.421 1.14236 1.14236 1 1 
11.4309 1.14325 1.14325 1 1 
11.4409 1.14415 1.14415 1 1 
11.4508 1.14504 1.14504 1 1 
11.4607 1.14593 1.14593 1 1 
11.4707 1.14683 1.14683 1 1 
11.4806 1.14772 1.14772 1 1 
11.4906 1.14861 1.14861 1 1 
11.5005 1.14951 1.14951 1 1 
11.5104 1.1504 1.1504 1 1 
11.5204 1.15129 1.15129 1 1 
11.5303 1.15219 1.15219 1 1 
11.5403 1.15308 1.15308 1 1 
11.5502 1.15397 1.15397 1 1 
11.5601 1.15487 1.15487 1 1 
11.5701 1.15576 1.15576 1 1 
11.58 1.15665 1.15665 1 1 
11.59 1.15754 1.15754 1 1 
11.5999 1.15844 1.15844 1 1 
11.6098 1.15933 1.15933 1 1 
11.6198 1.16022 1.16022 1 1 
11.6297 1.16111 1.16111 1 1 
11.6396 1.16201 1.16201 1 1 
11.6496 1.1629 1.1629 1 1 
11.6595 1.16379 1.16379 1 1 
11.6695 1.16468 1.16468 1 1 
11.6794 1.16558 1.16558 1 1 
11.6893 1.16647 1.16647 1 1 
11.6993 1.16736 1.16736 1 1 
11.7092 1.16825 1.16825 1 1 
11.7192 1.16914 1.16914 1 1 
11.7291 1.17003 1.17003 1 1 
11.739 1.17092 1.17092 1 1 
11.749 1.17182 1.17182 1 1 
11.7589 1.17271 1.17271 1 1 
11.7689 1.1736 1.1736 1 1 
11.7788 1.17449 1.17449 1 1 
11.7887 1.17538 1.17538 1 1 
11.7987 1.17627 1.17627 1 1 
11.8086 1.17716 1.17716 1 1 
11.8185 1.17805 1.17805 1 1 
11.8285 1.17894 1.17894 1 1 
11.8384 1.17983 1.17983 1 1 
11.8484 1.18072 1.18072 1 1 
11.8583 1.18161 1.18161 1 1 
11.8682 1.1825 1.1825 1 1 
11.8782 1.18339 1.18339 1 1 
11.8881 1.18429 1.18429 1 1 
11.898 1.18518 1.18518 1 1 
11.908 1.18606 1.18606 1 1 
11.9179 1.18695 1.18695 1 1 
11.9279 1.18785 1.18785 1 1 
11.9378 1.18874 1.18874 1 1 
11.9477 1.18962 1.18962 1 1 
11.9577 1.19051 1.19051 1 1 
11.9676 1.1914 1.1914 1 1 
11.9776 1.19229 1.19229 1 1 
11.9875 1.19318 1.19318 1 1 
11.9974 1.19407 1.19407 1 1 
12.0074 1.19496 1.19496 1 1 
12.0173 1.19585 1.19585 1 1 
12.0272 1.19674 1.19674 1 1 
12.0372 1.19763 1.19763 1 1 
12.0471 1.19852 1.19852 1 1 
12.0571 1.19941 1.19941 1 1 
12.067 1.20029 1.20029 1 1 
12.0769 1.20118 1.20118 1 1 
12.0869 1.20207 1.20207 1 1 
12.0968 1.20296 1.20296 1 1 
12.1067 1.20385 1.20385 1 1 
12.1167 1.20474 1.20474 1 1 
12.1266 1.20562 1.20562 1 1 
12.1366 1.20651 1.20651 1 1 
12.1465 1.2074 1.2074 1 1 
12.1564 1.20829 1.20829 1 1 
12.1664 1.20918 1.20918 1 1 
12.1763 1.21006 1.21006 1 1 
12.1862 1.21095 1.21095 1 1 
12.1962 1.21184 1.21184 1 1 
12.2061 1.21273 1.21273 1 1 
12.2161 1.21362 1.21362 1 1 
12.226 1.2145 1.2145 1 1 
12.2359 1.21539 1.21539 1 1 
12.2459 1.21628 1.21628 1 1 
12.2558 1.21716 1.21716 1 1 
12.2657 1.21805 1.21805 1 1 
12.2757 1.21894 1.21894 1 1 
12.2856 1.21982 1.21982 1 1 
12.2956 1.22071 1.22071 1 1 
12.3055 1.2216 1.2216 1 1 
12.3154 1.22249 1.22249 1 1 
12.3254 1.22337 1.22337 1 1 
12.3353 1.22426 1.22426 1 1 
12.3452 1.22514 1.22514 1 1 
12.3552 1.22603 1.22603 1 1 
12.3651 1.22692 1.22692 1 1 
12.375 1.2278 1.2278 1 1 
12.385 1.22869 1.22869 1 1 
12.3949 1.22958 1.22958 1 1 
12.4049 1.23046 1.23046 1 1 
12.4148 1.23135 1.23135 1 1 
12.4247 1.23223 1.23223 1 1 
12.4347 1.23312 1.23312 1 1 
12.4446 1.23401 1.23401 1 1 
12.4545 1.23489 1.23489 1 1 
12.4645 1.23578 1.23578 1 1 
12.4744 1.23666 1.23666 1 1 
12.4844 1.23755 1.23755 1 1 
12.4943 1.23843 1.23843 1 1 
12.5042 1.23932 1.23932 1 1 
12.5142 1.2402 1.2402 1 1 
12.5241 1.24109 1.24109 1 1 
12.534 1.24197 1.24197 1 1 
12.544 1.24286 1.24286 1 1 
12.5539 1.24374 1.24374 1 1 
12.5638 1.24463 1.24463 1 1 
12.5738 1.24551 1.24551 1 1 
12.5837 1.2464 1.2464 1 1 
12.5937 1.24728 1.24728 1 1 
12.6036 1.24817 1.24817 1 1 
12.6135 1.24905 1.24905 1 1 
12.6235 1.24994 1.24994 1 1 
12.6334 1.25082 1.25082 1 1 
12.6433 1.2517 1.2517 1 1 
12.6533 1.25259 1.25259 1 1 
12.6632 1.25347 1.25347 1 1 
12.6731 1.25436 1.25436 1 1 
12.6831 1.25524 1.25524 1 1 
12.693 1.25612 1.25612 1 1 
12.703 1.25701 1.25701 1 1 
12.7129 1.25789 1.25789 1 1 
12.7228 1.25877 1.25877 1 1 
12.7328 1.25966 1.25966 1 1 
12.7427 1.26054 1.26054 1 1 
12.7526 1.26143 1.26143 1 1 
12.7626 1.26231 1.26231 1 1 
12.7725 1.26319 1.26319 1 1 
12.7824 1.26408 1.26408 1 1 
12.7924 1.26496 1.26496 1 1 
12.8023 1.26584 1.26584 1 1 
12.8122 1.26672 1.26672 1 1 
12.8222 1.26761 1.26761 1 1 
12.8321 1.26849 1.26849 1 1 
12.8421 1.26937 1.26937 1 1 
12.852 1.27025 1.27025 1 1 
12.8619 1.27114 1.27114 1 1 
12.8719 1.27202 1.27202 1 1 
12.8818 1.2729 1.2729 1 1 
12.8917 1.27378 1.27378 1 1 
12.9017 1.27467 1.27467 1 1 
12.9116 1.27555 1.27555 1 1 
12.9215 1.27643 1.27643 1 1 
12.9315 1.27731 1.27731 1 1 
12.9414 1.27819 1.27819 1 1 
12.9513 1.27908 1.27908 1 1 
12.9613 1.27996 1.27996 1 1 
12.9712 1.28084 1.28084 1 1 
12.9811 1.28172 1.28172 1 1 
12.9911 1.2826 1.2826 1 1 
13.001 1.28349 1.28349 1 1 
13.011 1.28437 1.28437 1 1 
13.0209 1.28525 1.28525 1 1 
13.0308 1.28613 1.28613 1 1 
13.0408 1.28701 1.28701 1 1 
13.0507 1.28789 1.28789 1 1 
13.0606 1.28877 1.28877 1 1 
13.0706 1.28965 1.28965 1 1 
13.0805 1.29054 1.29054 1 1 
13.0904 1.29142 1.29142 1 1 
13.1004 1.2923 1.2923 1 1 
13.1103 1.29318 1.29318 1 1 
13.1202 1.29406 1.29406 1 1 
13.1302 1.29494 1.29494 1 1 
13.1401 1.29582 1.29582 1 1 
13.15 1.2967 1.2967 1 1 
13.16 1.29758 1.29758 1 1 
13.1699 1.29846 1.29846 1 1 
13.1798 1.29934 1.29934 1 1 
13.1898 1.30022 1.30022 1 1 
13.1997 1.3011 1.3011 1 1 
13.2096 1.30198 1.30198 1 1 
13.2196 1.30286 1.30286 1 1 
13.2295 1.30374 1.30374 1 1 
13.2394 1.30462 1.30462 1 1 
13.2494 1.3055 1.3055 1 1 
13.2593 1.30638 1.30638 1 1 
13.2693 1.30726 1.30726 1 1 
13.2792 1.30814 1.30814 1 1 
13.2891 1.30902 1.30902 1 1 
13.2991 1.3099 1.3099 1 1 
13.309 1.31078 1.31078 1 1 
13.3189 1.31166 1.31166 1 1 
13.3289 1.31254 1.31254 1 1 
13.3388 1.31342 1.31342 1 1 
13.3487 1.3143 1.3143 1 1 
13.3587 1.31517 1.31517 1 1 
13.3686 1.31605 1.31605 1 1 
13.3785 1.31693 1.31693 1 1 
13.3885 1.31781 1.31781 1 1 
13.3984 1.31869 1.31869 1 1 
13.4083 1.31957 1.31957 1 1 
13.4183 1.32045 1.32045 1 1 
13.4282 1.32133 1.32133 1 1 
13.4381 1.32221 1.32221 1 1 
13.4481 1.32308 1.32308 1 1 
13.458 1.32396 1.32396 1 1 
13.4679 1.32484 1.32484 1 1 
13.4779 1.32572 1.32572 1 1 
13.4878 1.3266 1.3266 1 1 
13.4977 1.32747 1.32747 1 1 
13.5077 1.32835 1.32835 1 1 
13.5176 1.32923 1.32923 1 1 
13.5275 1.33011 1.33011 1 1 
13.5375 1.33099 1.33099 1 1 
13.5474 1.33187 1.33187 1 1 
13.5573 1.33274 1.33274 1 1 
13.5673 1.33362 1.33362 1 1 
13.5772 1.3345 1.3345 1 1 
13.5871 1.33537 1.33537 1 1 
13.5971 1.33625 1.33625 1 1 
13.607 1.33713 1.33713 1 1 
13.6169 1.33801 1.33801 1 1 
13.6269 1.33888 1.33888 1 1 
13.6368 1.33976 1.33976 1 1 
13.6467 1.34064 1.34064 1 1 
13.6567 1.34152 1.34152 1 1 
13.6666 1.34239 1.34239 1 1 
13.6765 1.34327 1.34327 1 1 
13.6865 1.34415 1.34415 1 1 
13.6964 1.34502 1.34502 1 1 
13.7063 1.3459 1.3459 1 1 
13.7163 1.34678 1.34678 1 1 
13.7262 1.34765 1.34765 1 1 
13.7361 1.34853 1.34853 1 1 
13.7461 1.34941 1.34941 1 1 
13.756 1.35028 1.35028 1 1 
13.7659 1.35116 1.35116 1 1 
13.7759 1.35204 1.35204 1 1 
13.7858 1.35291 1.35291 1 1 
13.7957 1.35379 1.35379 1 1 
13.8056 1.35466 1.35466 1 1 
13.8156 1.35554 1.35554 1 1 
13.8255 1.35641 1.35641 1 1 
13.8354 1.35729 1.35729 1 1 
13.8454 1.35817 1.35817 1 1 
13.8553 1.35904 1.35904 1 1 
13.8652 1.35992 1.35992 1 1 
13.8752 1.36079 1.36079 1 1 
13.8851 1.36167 1.36167 1 1 
13.895 1.36254 1.36254 1 1 
13.905 1.36342 1.36342 1 1 
13.9149 1.3643 1.3643 1 1 
13.9248 1.36517 1.36517 1 1 
13.9348 1.36605 1.36605 1 1 
13.9447 1.36692 1.36692 1 1 
13.9546 1.3678 1.3678 1 1 
13.9646 1.36867 1.36867 1 1 
13.9745 1.36955 1.36955 1 1 
13.9844 1.37042 1.37042 1 1 
13.9944 1.3713 1.3713 1 1 
14.0043 1.37217 1.37217 1 1 
14.0142 1.37305 1.37305 1 1 
14.0242 1.37392 1.37392 1 1 
14.0341 1.37479 1.37479 1 1 
14.044 1.37567 1.37567 1 1 
14.0539 1.37654 1.37654 1 1 
14.0639 1.37742 1.37742 1 1 
14.0738 1.37829 1.37829 1 1 
14.0837 1.37917 1.37917 1 1 
14.0937 1.38004 1.38004 1 1 
14.1036 1.38091 1.38091 1 1 
14.1135 1.38179 1.38179 1 1 
14.1235 1.38266 1.38266 1 1 
14.1334 1.38354 1.38354 1 1 
14.1433 1.38441 1.38441 1 1 
14.1533 1.38529 1.38529 1 1 
14.1632 1.38616 1.38616 1 1 
14.1731 1.38703 1.38703 1 1 
14.1831 1.38791 1.38791 1 1 
14.193 1.38878 1.38878 1 1 
14.2029 1.38965 1.38965 1 1 
14.2128 1.39053 1.39053 1 1 
14.2228 1.3914 1.3914 1 1 
14.2327 1.39227 1.39227 1 1 
14.2426 1.39315 1.39315 1 1 
14.2526 1.39402 1.39402 1 1 
14.2625 1.39489 1.39489 1 1 
14.2724 1.39577 1.39577 1 1 
14.2824 1.39664 1.39664 1 1 
14.2923 1.39751 1.39751 1 1 
14.3022 1.39838 1.39838 1 1 
14.3121 1.39926 1.39926 1 1 
14.3221 1.40013 1.40013 1 1 
14.332 1.401 1.401 1 1 
14.3419 1.40187 1.40187 1 1 
14.3519 1.40275 1.40275 1 1 
14.3618 1.40362 1.40362 1 1 
14.3717 1.40449 1.40449 1 1 
14.3817 1.40536 1.40536 1 1 
14.3916 1.40624 1.40624 1 1 
14.4015 1.40711 1.40711 1 1 
14.4115 1.40798 1.40798 1 1 
14.4214 1.40885 1.40885 1 1 
14.4313 1.40973 1.40973 1 1 
14.4412 1.4106 1.4106 1 1 
14.4512 1.41147 1.41147 1 1 
14.4611 1.41234 1.41234 1 1 
14.471 1.41321 1.41321 1 1 
14.481 1.41409 1.41409 1 1 
14.4909 1.41496 1.41496 1 1 
14.5008 1.41583 1.41583 1 1 
14.5107 1.4167 1.4167 1 1 
14.5207 1.41757 1.41757 1 1 
14.5306 1.41844 1.41844 1 1 
14.5405 1.41932 1.41932 1 1 
14.5505 1.42019 1.42019 1 1 
14.5604 1.42106 1.42106 1 1 
14.5703 1.42193 1.42193 1 1 
14.5803 1.4228 1.4228 1 1 
14.5902 1.42367 1.42367 1 1 
14.6001 1.42454 1.42454 1 1 
14.61 1.42541 1.42541 1 1 
14.62 1.42629 1.42629 1 1 
14.6299 1.42716 1.42716 1 1 
14.6398 1.42803 1.42803 1 1 
14.6498 1.4289 1.4289 1 1 
14.6597 1.42977 1.42977 1 1 
14.6696 1.43064 1.43064 1 1 
14.6795 1.43151 1.43151 1 1 
14.6895 1.43238 1.43238 1 1 
14.6994 1.43325 1.43325 1 1 
14.7093 1.43412 1.43412 1 1 
14.7193 1.43499 1.43499 1 1 
14.7292 1.43586 1.43586 1 1 
14.7391 1.43673 1.43673 1 1 
14.749 1.4376 1.4376 1 1 
14.759 1.43847 1.43847 1 1 
14.7689 1.43934 1.43934 1 1 
14.7788 1.44021 1.44021 1 1 
14.7888 1.44108 1.44108 1 1 
14.7987 1.44195 1.44195 1 1 
14.8086 1.44282 1.44282 1 1 
14.8185 1.44369 1.44369 1 1 
14.8285 1.44456 1.44456 1 1 
14.8384 1.44543 1.44543 1 1 
14.8483 1.4463 1.4463 1 1 
14.8583 1.44717 1.44717 1 1 
14.8682 1.44804 1.44804 1 1 
14.8781 1.44891 1.44891 1 1 
14.888 1.44978 1.44978 1 1 
14.898 1.45065 1.45065 1 1 
14.9079 1.45152 1.45152 1 1 
14.9178 1.45239 1.45239 1 1 
14.9278 1.45326 1.45326 1 1 
14.9377 1.45413 1.45413 1 1 
14.9476 1.455 1.455 1 1 
14.9575 1.45586 1.45586 1 1 
14.9675 1.45673 1.45673 1 1 
14.9774 1.4576 1.4576 1 1 
14.9873 1.45847 1.45847 1 1 
14.9973 1.45934 1.45934 1 1 
15.0072 1.46021 1.46021 1 1 
15.0171 1.46108 1.46108 1 1 
15.027 1.46195 1.46195 1 1 
15.037 1.46281 1.46281 1 1 
15.0469 1.46368 1.46368 1 1 
15.0568 1.46455 1.46455 1 1 
15.0667 1.46542 1.46542 1 1 
15.0767 1.46629 1.46629 1 1 
15.0866 1.46716 1.46716 1 1 
15.0965 1.46802 1.46802 1 1 
15.1065 1.46889 1.46889 1 1 
15.1164 1.46976 1.46976 1 1 
15.1263 1.47063 1.47063 1 1 
15.1362 1.4715 1.4715 1 1 
15.1462 1.47236 1.47236 1 1 
15.1561 1.47323 1.47323 1 1 
15.166 1.4741 1.4741 1 1 
15.1759 1.47497 1.47497 1 1 
15.1859 1.47584 1.47584 1 1 
15.1958 1.4767 1.4767 1 1 
15.2057 1.47757 1.47757 1 1 
15.2156 1.47844 1.47844 1 1 
15.2256 1.47931 1.47931 1 1 
15.2355 1.48017 1.48017 1 1 
15.2454 1.48104 1.48104 1 1 
15.2554 1.48191 1.48191 1 1 
15.2653 1.48277 1.48277 1 1 
15.2752 1.48364 1.48364 1 1 
15.2851 1.48451 1.48451 1 1 
15.2951 1.48538 1.48538 1 1 
15.305 1.48624 1.48624 1 1 
15.3149 1.48711 1.48711 1 1 
15.3248 1.48798 1.48798 1 1 
15.3348 1.48884 1.48884 1 1 
15.3447 1.48971 1.48971 1 1 
15.3546 1.49058 1.49058 1 1 
15.3645 1.49144 1.49144 1 1 
15.3745 1.49231 1.49231 1 1 
15.3844 1.49318 1.49318 1 1 
15.3943 1.49405 1.49405 1 1 
15.4042 1.49491 1.49491 1 1 
15.4142 1.49578 1.49578 1 1 
15.4241 1.49665 1.49665 1 1 
15.434 1.49751 1.49751 1 1 
15.4439 1.49838 1.49838 1 1 
15.4539 1.49924 1.49924 1 1 
15.4638 1.50011 1.50011 1 1 
15.4737 1.50098 1.50098 1 1 
15.4836 1.50184 1.50184 1 1 
15.4936 1.50271 1.50271 1 1 
15.5035 1.50357 1.50357 1 1 
15.5134 1.50444 1.50444 1 1 
15.5233 1.50531 1.50531 1 1 
15.5333 1.50617 1.50617 1 1 
15.5432 1.50704 1.50704 1 1 
15.5531 1.5079 1.5079 1 1 
15.563 1.50877 1.50877 1 1 
15.573 1.50963 1.50963 1 1 
15.5829 1.5105 1.5105 1 1 
15.5928 1.51137 1.51137 1 1 
15.6027 1.51223 1.51223 1 1 
15.6127 1.5131 1.5131 1 1 
15.6226 1.51396 1.51396 1 1 
15.6325 1.51483 1.51483 1 1 
15.6424 1.51569 1.51569 1 1 
15.6524 1.51656 1.51656 1 1 
15.6623 1.51742 1.51742 1 1 
15.6722 1.51829 1.51829 1 1 
15.6821 1.51915 1.51915 1 1 
15.6921 1.52002 1.52002 1 1 
15.702 1.52088 1.52088 1 1 
15.7119 1.52175 1.52175 1 1 
15.7218 1.52261 1.52261 1 1 
15.7318 1.52348 1.52348 1 1 
15.7417 1.52434 1.52434 1 1 
15.7516 1.52521 1.52521 1 1 
15.7615 1.52607 1.52607 1 1 
15.7715 1.52694 1.52694 1 1 
15.7814 1.5278 1.5278 1 1 
15.7913 1.52866 1.52866 1 1 
15.8012 1.52953 1.52953 1 1 
15.8112 1.53039 1.53039 1 1 
15.8163 1.53084 1.53084 2 1 
15.8262 1.5317 1.5317 2 1 
15.8361 1.53257 1.53257 2 1 
15.846 1.53343 1.53343 2 1 
15.856 1.5343 1.5343 2 1 
15.8659 1.53516 1.53516 2 1 
15.8758 1.53602 1.53602 2 1 
15.8857 1.53689 1.53689 2 1 
15.8957 1.53775 1.53775 2 1 
15.9056 1.53862 1.53862 2 1 
15.9155 1.53948 1.53948 2 1 
15.9254 1.54034 1.54034 2 1 
15.9354 1.54121 1.54121 2 1 
15.9453 1.54207 1.54207 2 1 
15.9552 1.54293 1.54293 2 1 
15.9651 1.5438 1.5438 2 1 
15.975 1.54466 1.54466 2 1 
15.985 1.54553 1.54553 2 1 
15.9949 1.54639 1.54639 2 1 
16.0048 1.54725 1.54725 2 1 
16.0147 1.54811 1.54811 2 1 
16.0247 1.54898 1.54898 2 1 
16.0346 1.54984 1.54984 2 1 
16.0445 1.55071 1.55071 2 1 
16.0544 1.55157 1.55157 2 1 
16.0643 1.55243 1.55243 2 1 
16.0743 1.55329 1.55329 2 1 
16.0842 1.55416 1.55416 2 1 
16.0941 1.55502 1.55502 2 1 
16.104 1.55588 1.55588 2 1 
16.114 1.55675 1.55675 2 1 
16.1239 1.55761 1.55761 2 1 
16.1338 1.55847 1.55847 2 1 
16.1437 1.55933 1.55933 2 1 
16.1536 1.5602 1.5602 2 1 
16.1636 1.56106 1.56106 2 1 
16.1735 1.56192 1.56192 2 1 
16.1834 1.56278 1.56278 2 1 
16.1933 1.56365 1.56365 2 1 
16.2033 1.56451 1.56451 2 1 
16.2132 1.56537 1.56537 2 1 
16.2231 1.56623 1.56623 2 1 
16.233 1.5671 1.5671 2 1 
16.2429 1.56796 1.56796 2 1 
16.2529 1.56882 1.56882 2 1 
16.2628 1.56968 1.56968 2 1 
16.2727 1.57054 1.57054 2 1 
16.2826 1.57141 1.57141 2 1 
16.2926 1.57227 1.57227 2 1 
16.3025 1.57313 1.57313 2 1 
16.3124 1.57399 1.57399 2 1 
16.3223 1.57485 1.57485 2 1 
16.3322 1.57571 1.57571 2 1 
16.3422 1.57658 1.57658 2 1 
16.3521 1.57744 1.57744 2 1 
16.362 1.5783 1.5783 2 1 
16.3719 1.57916 1.57916 2 1 
16.3818 1.58002 1.58002 2 1 
16.3918 1.58089 1.58089 2 1 
16.4017 1.58175 1.58175 2 1 
16.4116 1.58261 1.58261 2 1 
16.4215 1.58347 1.58347 2 1 
16.4314 1.58433 1.58433 2 1 
16.4414 1.58519 1.58519 2 1 
16.4513 1.58605 1.58605 2 1 
16.4612 1.58691 1.58691 2 1 
16.4711 1.58777 1.58777 2 1 
16.481 1.58864 1.58864 2 1 
16.491 1.5895 1.5895 2 1 
16.5009 1.59036 1.59036 2 1 
16.5108 1.59122 1.59122 2 1 
16.5207 1.59208 1.59208 2 1 
16.5306 1.59294 1.59294 2 1 
16.5406 1.5938 1.5938 2 1 
16.5505 1.59466 1.59466 2 1 
16.5604 1.59552 1.59552 2 1 
16.5703 1.59638 1.59638 2 1 
16.5802 1.59724 1.59724 2 1 
16.5902 1.5981 1.5981 2 1 
16.6001 1.59896 1.59896 2 1 
16.61 1.59982 1.59982 2 1 
16.6199 1.60068 1.60068 2 1 
16.6298 1.60154 1.60154 2 1 
16.6398 1.60241 1.60241 2 1 
16.6497 1.60326 1.60326 2 1 
16.6596 1.60413 1.60413 2 1 
16.6695 1.60499 1.60499 2 1 
16.6794 1.60585 1.60585 2 1 
16.6894 1.60671 1.60671 2 1 
16.6993 1.60757 1.60757 2 1 
16.7092 1.60843 1.60843 2 1 
16.7191 1.60929 1.60929 2 1 
16.729 1.61014 1.61014 2 1 
16.7389 1.61101 1.61101 2 1 
16.7489 1.61187 1.61187 2 1 
16.7588 1.61272 1.61272 2 1 
16.7687 1.61358 1.61358 2 1 
16.7786 1.61444 1.61444 2 1 
16.7885 1.6153 1.6153 2 1 
16.7985 1.61616 1.61616 2 1 
16.8084 1.61702 1.61702 2 1 
16.8183 1.61788 1.61788 2 1 
16.8282 1.61874 1.61874 2 1 
16.8381 1.6196 1.6196 2 1 
16.8481 1.62046 1.62046 2 1 
16.858 1.62132 1.62132 2 1 
16.8679 1.62218 1.62218 2 1 
16.8778 1.62304 1.62304 2 1 
16.8877 1.6239 1.6239 2 1 
16.8976 1.62475 1.62475 2 1 
16.9076 1.62561 1.62561 2 1 
16.9175 1.62647 1.62647 2 1 
16.9274 1.62733 1.62733 2 1 
16.9373 1.62819 1.62819 2 1 
16.9472 1.62905 1.62905 2 1 
16.9571 1.62991 1.62991 2 1 
16.9671 1.63077 1.63077 2 1 
16.977 1.63163 1.63163 2 1 
16.9869 1.63248 1.63248 2 1 
16.9968 1.63334 1.63334 2 1 
17.0067 1.6342 1.6342 2 1 
17.0167 1.63506 1.63506 2 1 
17.0266 1.63592 1.63592 2 1 
17.0365 1.63678 1.63678 2 1 
17.0464 1.63764 1.63764 2 1 
17.0563 1.63849 1.63849 2 1 
17.0662 1.63935 1.63935 2 1 
17.0762 1.64021 1.64021 2 1 
17.0861 1.64107 1.64107 2 1 
17.096 1.64193 1.64193 2 1 
17.1059 1.64278 1.64278 2 1 
17.1158 1.64364 1.64364 2 1 
17.1257 1.6445 1.6445 2 1 
17.1357 1.64536 1.64536 2 1 
17.1456 1.64622 1.64622 2 1 
17.1555 1.64708 1.64708 2 1 
17.1654 1.64793 1.64793 2 1 
17.1753 1.64879 1.64879 2 1 
17.1852 1.64965 1.64965 2 1 
17.1951 1.65051 1.65051 2 1 
17.2051 1.65136 1.65136 2 1 
17.215 1.65222 1.65222 2 1 
17.2249 1.65308 1.65308 2 1 
17.2348 1.65394 1.65394 2 1 
17.2447 1.65479 1.65479 2 1 
17.2546 1.65565 1.65565 2 1 
17.2646 1.65651 1.65651 2 1 
17.2745 1.65737 1.65737 2 1 
17.2844 1.65822 1.65822 2 1 
17.2943 1.65908 1.65908 2 1 
17.3042 1.65994 1.65994 2 1 
17.3141 1.6608 1.6608 2 1 
17.3241 1.66165 1.66165 2 1 
17.334 1.66251 1.66251 2 1 
17.3439 1.66337 1.66337 2 1 
17.3538 1.66422 1.66422 2 1 
17.3637 1.66508 1.66508 2 1 
17.3736 1.66594 1.66594 2 1 
17.3835 1.66679 1.66679 2 1 
17.3935 1.66765 1.66765 2 1 
17.4034 1.66851 1.66851 2 1 
17.4133 1.66936 1.66936 2 1 
17.4232 1.67022 1.67022 2 1 
17.4331 1.67108 1.67108 2 1 
17.443 1.67193 1.67193 2 1 
17.4529 1.67279 1.67279 2 1 
17.4629 1.67365 1.67365 2 1 
17.4728 1.6745 1.6745 2 1 
17.4827 1.67536 1.67536 2 1 
17.4926 1.67622 1.67622 2 1 
17.5025 1.67707 1.67707 2 1 
17.5124 1.67793 1.67793 2 1 
17.5223 1.67878 1.67878 2 1 
17.5323 1.67964 1.67964 2 1 
17.5422 1.6805 1.6805 2 1 
17.5521 1.68135 1.68135 2 1 
17.562 1.68221 1.68221 2 1 
17.5719 1.68307 1.68307 2 1 
17.5818 1.68392 1.68392 2 1 
17.5917 1.68478 1.68478 2 1 
17.6017 1.68563 1.68563 2 1 
17.6116 1.68649 1.68649 2 1 
17.6215 1.68735 1.68735 2 1 
17.6314 1.6882 1.6882 2 1 
17.6413 1.68906 1.68906 2 1 
17.6512 1.68991 1.68991 2 1 
17.6611 1.69077 1.69077 2 1 
17.671 1.69162 1.69162 2 1 
17.681 1.69248 1.69248 2 1 
17.6909 1.69334 1.69334 2 1 
17.7008 1.69419 1.69419 2 1 
17.7107 1.69505 1.69505 2 1 
17.7206 1.6959 1.6959 2 1 
17.7305 1.69676 1.69676 2 1 
17.7404 1.69761 1.69761 2 1 
17.7503 1.69847 1.69847 2 1 
17.7603 1.69932 1.69932 2 1 
17.7702 1.70018 1.70018 2 1 
17.7801 1.70103 1.70103 2 1 
17.79 1.70189 1.70189 2 1 
17.7999 1.70274 1.70274 2 1 
17.8098 1.7036 1.7036 2 1 
17.8197 1.70445 1.70445 2 1 
17.8296 1.70531 1.70531 2 1 
17.8396 1.70616 1.70616 2 1 
17.8495 1.70702 1.70702 2 1 
17.8594 1.70787 1.70787 2 1 
17.8693 1.70873 1.70873 2 1 
17.8792 1.70958 1.70958 2 1 
17.8891 1.71044 1.71044 2 1 
17.899 1.71129 1.71129 2 1 
17.9089 1.71215 1.71215 2 1 
17.9188 1.713 1.713 2 1 
17.9288 1.71385 1.71385 2 1 
17.9387 1.71471 1.71471 2 1 
17.9486 1.71556 1.71556 2 1 
17.9585 1.71642 1.71642 2 1 
17.9684 1.71727 1.71727 2 1 
17.9783 1.71813 1.71813 2 1 
17.9882 1.71898 1.71898 2 1 
17.9981 1.71984 1.71984 2 1 
18.008 1.72069 1.72069 2 1 
