0 0.00653841 0.00653841 2 1 
0.0399856 0.00621949 0.00621949 1 1 
0.0499764 0.00607292 0.00607292 1 1 
0.0599679 0.00592867 0.00592867 1 1 
0.0699633 0.00581429 0.00581429 1 1 
0.0799627 0.00575898 0.00575898 1 1 
0.0899609 0.0057802 0.0057802 1 1 
0.0999517 0.00587664 0.00587664 1 1 
0.109932 0.00603492 0.00603492 1 1 
0.119902 0.0062395 0.0062395 1 1 
0.129863 0.00647745 0.00647745 1 1 
0.139817 0.00673958 0.00673958 1 1 
0.149765 0.0070192 0.0070192 1 1 
0.159709 0.00731176 0.00731176 1 1 
0.16965 0.00761407 0.00761407 1 1 
0.179588 0.00792383 0.00792383 1 1 
0.189524 0.00823941 0.00823941 1 1 
0.199459 0.00855955 0.00855955 1 1 
0.209392 0.00888335 0.00888335 1 1 
0.219324 0.00921009 0.00921009 1 1 
0.229255 0.00953922 0.00953922 1 1 
0.239185 0.0098703 0.0098703 1 1 
0.249115 0.010203 0.010203 1 1 
0.259044 0.010537 0.010537 1 1 
0.268973 0.0108722 0.0108722 1 1 
0.278901 0.0112082 0.0112082 1 1 
0.288829 0.011545 0.011545 1 1 
0.298757 0.0118824 0.0118824 1 1 
0.308685 0.0122204 0.0122204 1 1 
0.318612 0.0125588 0.0125588 1 1 
0.328539 0.0128975 0.0128975 1 1 
0.338467 0.0132366 0.0132366 1 1 
0.348394 0.0135758 0.0135758 1 1 
0.358321 0.0139152 0.0139152 1 1 
0.368248 0.0142548 0.0142548 1 1 
0.378174 0.0145944 0.0145944 1 1 
0.388101 0.0149341 0.0149341 1 1 
0.398028 0.0152739 0.0152739 1 1 
0.407955 0.0156136 0.0156136 1 1 
0.417882 0.0159533 0.0159533 1 1 
0.427808 0.016293 0.016293 1 1 
0.437735 0.0166326 0.0166326 1 1 
0.447662 0.0169721 0.0169721 1 1 
0.457588 0.0173116 0.0173116 1 1 
0.467515 0.0176509 0.0176509 1 1 
0.477442 0.0179901 0.0179901 1 1 
0.487369 0.0183292 0.0183292 1 1 
0.497296 0.0186682 0.0186682 1 1 
0.507222 0.019007 0.019007 1 1 
0.517149 0.0193456 0.0193456 1 1 
0.527076 0.0196841 0.0196841 1 1 
0.537003 0.0200224 0.0200224 1 1 
0.54693 0.0203606 0.0203606 1 1 
0.556857 0.0206985 0.0206985 1 1 
0.566784 0.0210363 0.0210363 1 1 
0.570751 0.0211712 0.0211712 2 1 
0.580679 0.0215087 0.0215087 2 1 
0.590606 0.0218461 0.0218461 2 1 
0.600533 0.0221832 0.0221832 2 1 
0.61046 0.0225201 0.0225201 2 1 
0.620388 0.0228568 0.0228568 2 1 
0.630315 0.0231933 0.0231933 2 1 
0.640243 0.0235296 0.0235296 2 1 
0.65017 0.0238657 0.0238657 2 1 
0.660098 0.0242015 0.0242015 2 1 
0.670025 0.0245372 0.0245372 2 1 
0.679953 0.0248726 0.0248726 2 1 
0.689881 0.0252078 0.0252078 2 1 
0.699808 0.0255428 0.0255428 2 1 
0.709736 0.0258775 0.0258775 2 1 
0.719664 0.0262121 0.0262121 2 1 
0.729592 0.0265464 0.0265464 2 1 
0.73952 0.0268805 0.0268805 2 1 
0.749448 0.0272143 0.0272143 2 1 
0.759376 0.0275479 0.0275479 2 1 
0.769304 0.0278813 0.0278813 2 1 
0.779233 0.0282145 0.0282145 2 1 
0.789161 0.0285474 0.0285474 2 1 
0.799089 0.0288801 0.0288801 2 1 
0.809018 0.0292126 0.0292126 2 1 
0.818946 0.0295448 0.0295448 2 1 
0.828875 0.0298768 0.0298768 2 1 
0.838803 0.0302086 0.0302086 2 1 
0.848732 0.0305401 0.0305401 2 1 
0.858661 0.0308715 0.0308715 2 1 
0.86859 0.0312025 0.0312025 2 1 
0.878518 0.0315334 0.0315334 2 1 
0.888447 0.031864 0.031864 2 1 
0.898376 0.0321943 0.0321943 2 1 
0.908305 0.0325245 0.0325245 2 1 
0.918234 0.0328544 0.0328544 2 1 
0.928164 0.033184 0.033184 2 1 
0.938093 0.0335134 0.0335134 2 1 
0.948022 0.0338426 0.0338426 2 1 
0.957951 0.0341716 0.0341716 2 1 
0.967881 0.0345003 0.0345003 2 1 
0.97781 0.0348288 0.0348288 2 1 
0.98774 0.0351571 0.0351571 2 1 
0.997669 0.0354851 0.0354851 2 1 
1.0076 0.0358129 0.0358129 2 1 
1.01753 0.0361404 0.0361404 2 1 
1.02746 0.0364678 0.0364678 2 1 
1.03739 0.0367949 0.0367949 2 1 
1.04732 0.0371217 0.0371217 2 1 
1.05725 0.0374483 0.0374483 2 1 
1.06718 0.0377747 0.0377747 2 1 
1.07711 0.0381009 0.0381009 2 1 
1.08704 0.0384268 0.0384268 2 1 
1.09697 0.0387525 0.0387525 2 1 
1.1069 0.039078 0.039078 2 1 
1.11683 0.0394032 0.0394032 2 1 
1.12676 0.0397282 0.0397282 2 1 
1.13669 0.040053 0.040053 2 1 
1.14662 0.0403775 0.0403775 2 1 
1.15655 0.0407018 0.0407018 2 1 
1.16648 0.0410259 0.0410259 2 1 
1.17641 0.0413497 0.0413497 2 1 
1.18634 0.0416734 0.0416734 2 1 
1.19627 0.0419968 0.0419968 2 1 
1.2062 0.0423199 0.0423199 2 1 
1.21613 0.0426428 0.0426428 2 1 
1.22607 0.0429656 0.0429656 2 1 
1.236 0.043288 0.043288 2 1 
1.24593 0.0436103 0.0436103 2 1 
1.25586 0.0439323 0.0439323 2 1 
1.26579 0.0442541 0.0442541 2 1 
1.27572 0.0445757 0.0445757 2 1 
1.28565 0.044897 0.044897 2 1 
1.29558 0.0452182 0.0452182 2 1 
1.30552 0.0455391 0.0455391 2 1 
1.31545 0.0458597 0.0458597 2 1 
1.32538 0.0461802 0.0461802 2 1 
1.33531 0.0465004 0.0465004 2 1 
1.34524 0.0468204 0.0468204 2 1 
1.35517 0.0471402 0.0471402 2 1 
1.3651 0.0474598 0.0474598 2 1 
1.37504 0.0477791 0.0477791 2 1 
1.38497 0.0480982 0.0480982 2 1 
1.3949 0.0484171 0.0484171 2 1 
1.40483 0.0487358 0.0487358 2 1 
1.41476 0.0490542 0.0490542 2 1 
1.4247 0.0493725 0.0493725 2 1 
1.43463 0.0496905 0.0496905 2 1 
1.44456 0.0500083 0.0500083 2 1 
1.45449 0.0503258 0.0503258 2 1 
1.46442 0.0506432 0.0506432 2 1 
1.47436 0.0509603 0.0509603 2 1 
1.48429 0.0512772 0.0512772 2 1 
1.49422 0.0515939 0.0515939 2 1 
1.50415 0.0519104 0.0519104 2 1 
1.51409 0.0522267 0.0522267 2 1 
1.52402 0.0525427 0.0525427 2 1 
1.53395 0.0528586 0.0528586 2 1 
1.54388 0.0531742 0.0531742 2 1 
1.55382 0.0534896 0.0534896 2 1 
1.56375 0.0538048 0.0538048 2 1 
1.57368 0.0541198 0.0541198 2 1 
1.58362 0.0544345 0.0544345 2 1 
1.59355 0.0547491 0.0547491 2 1 
1.60348 0.0550634 0.0550634 2 1 
1.61341 0.0553775 0.0553775 2 1 
1.62335 0.0556914 0.0556914 2 1 
1.63328 0.0560051 0.0560051 2 1 
1.64321 0.0563186 0.0563186 2 1 
1.65315 0.0566319 0.0566319 2 1 
1.66308 0.056945 0.056945 2 1 
1.67301 0.0572578 0.0572578 2 1 
1.68295 0.0575705 0.0575705 2 1 
1.69288 0.0578829 0.0578829 2 1 
1.70281 0.0581951 0.0581951 2 1 
1.71275 0.0585072 0.0585072 2 1 
1.72268 0.058819 0.058819 2 1 
1.73261 0.0591306 0.0591306 2 1 
1.74255 0.059442 0.059442 2 1 
1.75248 0.0597532 0.0597532 2 1 
1.76242 0.0600641 0.0600641 2 1 
1.77235 0.0603749 0.0603749 2 1 
1.78228 0.0606855 0.0606855 2 1 
1.79222 0.0609958 0.0609958 2 1 
1.80215 0.061306 0.061306 2 1 
1.81208 0.061616 0.061616 2 1 
1.82202 0.0619257 0.0619257 2 1 
1.83195 0.0622353 0.0622353 2 1 
1.84189 0.0625446 0.0625446 2 1 
1.85182 0.0628537 0.0628537 2 1 
1.86176 0.0631627 0.0631627 2 1 
1.87169 0.0634714 0.0634714 2 1 
1.88162 0.0637799 0.0637799 2 1 
1.89156 0.0640883 0.0640883 2 1 
1.90149 0.0643964 0.0643964 2 1 
1.91143 0.0647043 0.0647043 2 1 
1.92136 0.065012 0.065012 2 1 
1.9313 0.0653196 0.0653196 2 1 
1.94123 0.0656269 0.0656269 2 1 
1.95117 0.065934 0.065934 2 1 
1.9611 0.0662409 0.0662409 2 1 
1.97103 0.0665477 0.0665477 2 1 
1.98097 0.0668542 0.0668542 2 1 
1.9909 0.0671605 0.0671605 2 1 
2.00084 0.0674667 0.0674667 2 1 
2.01077 0.0677726 0.0677726 2 1 
2.02071 0.0680783 0.0680783 2 1 
2.03064 0.0683839 0.0683839 2 1 
2.04058 0.0686892 0.0686892 2 1 
2.05051 0.0689944 0.0689944 2 1 
2.06045 0.0692993 0.0692993 2 1 
2.07038 0.0696041 0.0696041 2 1 
2.08032 0.0699087 0.0699087 2 1 
2.09025 0.070213 0.070213 2 1 
2.10019 0.0705172 0.0705172 2 1 
2.11013 0.0708212 0.0708212 2 1 
2.12006 0.071125 0.071125 2 1 
2.13 0.0714286 0.0714286 2 1 
2.13993 0.071732 0.071732 2 1 
2.14987 0.0720352 0.0720352 2 1 
2.1598 0.0723382 0.0723382 2 1 
2.16974 0.0726411 0.0726411 2 1 
2.17967 0.0729437 0.0729437 2 1 
2.18961 0.0732461 0.0732461 2 1 
2.19955 0.0735484 0.0735484 2 1 
2.20948 0.0738505 0.0738505 2 1 
2.21942 0.0741523 0.0741523 2 1 
2.22935 0.074454 0.074454 2 1 
2.23929 0.0747555 0.0747555 2 1 
2.24922 0.0750568 0.0750568 2 1 
2.25916 0.075358 0.075358 2 1 
2.2691 0.0756589 0.0756589 2 1 
2.27903 0.0759596 0.0759596 2 1 
2.28897 0.0762602 0.0762602 2 1 
2.2989 0.0765606 0.0765606 2 1 
2.30884 0.0768608 0.0768608 2 1 
2.31878 0.0771607 0.0771607 2 1 
2.32871 0.0774606 0.0774606 2 1 
2.33865 0.0777602 0.0777602 2 1 
2.34859 0.0780596 0.0780596 2 1 
2.35852 0.0783589 0.0783589 2 1 
2.36846 0.0786579 0.0786579 2 1 
2.37839 0.0789568 0.0789568 2 1 
2.38833 0.0792555 0.0792555 2 1 
2.39827 0.0795541 0.0795541 2 1 
2.4082 0.0798524 0.0798524 2 1 
2.41814 0.0801505 0.0801505 2 1 
2.42808 0.0804485 0.0804485 2 1 
2.43801 0.0807463 0.0807463 2 1 
2.44795 0.0810439 0.0810439 2 1 
2.45789 0.0813413 0.0813413 2 1 
2.46782 0.0816386 0.0816386 2 1 
2.47776 0.0819356 0.0819356 2 1 
2.4877 0.0822325 0.0822325 2 1 
2.49763 0.0825292 0.0825292 2 1 
2.50757 0.0828257 0.0828257 2 1 
2.51751 0.083122 0.083122 2 1 
2.52744 0.0834182 0.0834182 2 1 
2.53738 0.0837142 0.0837142 2 1 
2.54732 0.08401 0.08401 2 1 
2.55726 0.0843056 0.0843056 2 1 
2.56719 0.084601 0.084601 2 1 
2.57713 0.0848963 0.0848963 2 1 
2.58707 0.0851914 0.0851914 2 1 
2.597 0.0854863 0.0854863 2 1 
2.60694 0.085781 0.085781 2 1 
2.61688 0.0860756 0.0860756 2 1 
2.62682 0.0863699 0.0863699 2 1 
2.63675 0.0866641 0.0866641 2 1 
2.64669 0.0869582 0.0869582 2 1 
2.65663 0.087252 0.087252 2 1 
2.66657 0.0875457 0.0875457 2 1 
2.6765 0.0878392 0.0878392 2 1 
2.68644 0.0881325 0.0881325 2 1 
2.69638 0.0884257 0.0884257 2 1 
2.70632 0.0887186 0.0887186 2 1 
2.71625 0.0890114 0.0890114 2 1 
2.72619 0.0893041 0.0893041 2 1 
2.73613 0.0895965 0.0895965 2 1 
2.74607 0.0898888 0.0898888 2 1 
2.756 0.0901809 0.0901809 2 1 
2.76594 0.0904728 0.0904728 2 1 
2.77588 0.0907646 0.0907646 2 1 
2.78582 0.0910562 0.0910562 2 1 
2.79576 0.0913476 0.0913476 2 1 
2.80569 0.0916389 0.0916389 2 1 
2.81563 0.0919299 0.0919299 2 1 
2.82557 0.0922208 0.0922208 2 1 
2.83551 0.0925116 0.0925116 2 1 
2.84545 0.0928021 0.0928021 2 1 
2.85538 0.0930925 0.0930925 2 1 
2.86532 0.0933828 0.0933828 2 1 
2.87526 0.0936728 0.0936728 2 1 
2.8852 0.0939627 0.0939627 2 1 
2.89514 0.0942524 0.0942524 2 1 
2.90508 0.094542 0.094542 2 1 
2.91501 0.0948314 0.0948314 2 1 
2.92495 0.0951206 0.0951206 2 1 
2.93489 0.0954096 0.0954096 2 1 
2.94483 0.0956985 0.0956985 2 1 
2.95477 0.0959872 0.0959872 2 1 
2.96471 0.0962757 0.0962757 2 1 
2.97464 0.0965641 0.0965641 2 1 
2.98458 0.0968523 0.0968523 2 1 
2.99452 0.0971404 0.0971404 2 1 
3.00446 0.0974283 0.0974283 2 1 
3.0144 0.097716 0.097716 2 1 
3.02434 0.0980035 0.0980035 2 1 
3.03428 0.0982909 0.0982909 2 1 
3.04421 0.0985781 0.0985781 2 1 
3.05415 0.0988652 0.0988652 2 1 
3.06409 0.0991521 0.0991521 2 1 
3.07403 0.0994388 0.0994388 2 1 
3.08397 0.0997254 0.0997254 2 1 
3.09391 0.100012 0.100012 2 1 
3.10385 0.100298 0.100298 2 1 
3.11379 0.100584 0.100584 2 1 
3.12372 0.10087 0.10087 2 1 
3.13366 0.101156 0.101156 2 1 
3.1436 0.101441 0.101441 2 1 
3.15354 0.101727 0.101727 2 1 
3.16348 0.102012 0.102012 2 1 
3.17342 0.102297 0.102297 2 1 
3.18336 0.102582 0.102582 2 1 
3.1933 0.102867 0.102867 2 1 
3.20324 0.103151 0.103151 2 1 
3.21318 0.103436 0.103436 2 1 
3.22312 0.10372 0.10372 2 1 
3.23305 0.104004 0.104004 2 1 
3.24299 0.104288 0.104288 2 1 
3.25293 0.104572 0.104572 2 1 
3.26287 0.104856 0.104856 2 1 
3.27281 0.105139 0.105139 2 1 
3.28275 0.105423 0.105423 2 1 
3.29269 0.105706 0.105706 2 1 
3.30263 0.105989 0.105989 2 1 
3.31257 0.106272 0.106272 2 1 
3.32251 0.106554 0.106554 2 1 
3.33245 0.106837 0.106837 2 1 
3.34239 0.107119 0.107119 2 1 
3.35233 0.107402 0.107402 2 1 
3.36227 0.107684 0.107684 2 1 
3.37221 0.107966 0.107966 2 1 
3.38215 0.108247 0.108247 2 1 
3.39209 0.108529 0.108529 2 1 
3.40203 0.10881 0.10881 2 1 
3.41197 0.109092 0.109092 2 1 
3.42191 0.109373 0.109373 2 1 
3.43185 0.109654 0.109654 2 1 
3.44178 0.109935 0.109935 2 1 
3.45172 0.110215 0.110215 2 1 
3.46166 0.110496 0.110496 2 1 
3.4716 0.110776 0.110776 2 1 
3.48154 0.111056 0.111056 2 1 
3.49148 0.111337 0.111337 2 1 
3.50142 0.111616 0.111616 2 1 
3.51136 0.111896 0.111896 2 1 
3.5213 0.112176 0.112176 2 1 
3.53124 0.112455 0.112455 2 1 
3.54118 0.112735 0.112735 2 1 
3.55112 0.113014 0.113014 2 1 
3.56106 0.113293 0.113293 2 1 
3.571 0.113572 0.113572 2 1 
3.58094 0.11385 0.11385 2 1 
3.59089 0.114129 0.114129 2 1 
3.60083 0.114407 0.114407 2 1 
3.61077 0.114685 0.114685 2 1 
3.62071 0.114964 0.114964 2 1 
3.63065 0.115241 0.115241 2 1 
3.64059 0.115519 0.115519 2 1 
3.65053 0.115797 0.115797 2 1 
3.66047 0.116074 0.116074 2 1 
3.67041 0.116352 0.116352 2 1 
3.68035 0.116629 0.116629 2 1 
3.69029 0.116906 0.116906 2 1 
3.70023 0.117183 0.117183 2 1 
3.71017 0.11746 0.11746 2 1 
3.72011 0.117736 0.117736 2 1 
3.73005 0.118013 0.118013 2 1 
3.73999 0.118289 0.118289 2 1 
3.74993 0.118565 0.118565 2 1 
3.75987 0.118841 0.118841 2 1 
3.76981 0.119117 0.119117 2 1 
3.77975 0.119393 0.119393 2 1 
3.78969 0.119668 0.119668 2 1 
3.79963 0.119944 0.119944 2 1 
3.80958 0.120219 0.120219 2 1 
3.81952 0.120494 0.120494 2 1 
3.82946 0.120769 0.120769 2 1 
3.8394 0.121044 0.121044 2 1 
3.84934 0.121318 0.121318 2 1 
3.85928 0.121593 0.121593 2 1 
3.86922 0.121867 0.121867 2 1 
3.87916 0.122142 0.122142 2 1 
3.8891 0.122416 0.122416 2 1 
3.89904 0.12269 0.12269 2 1 
3.90898 0.122963 0.122963 2 1 
3.91892 0.123237 0.123237 2 1 
3.92887 0.123511 0.123511 2 1 
3.93881 0.123784 0.123784 2 1 
3.94875 0.124057 0.124057 2 1 
3.95869 0.12433 0.12433 2 1 
3.96863 0.124603 0.124603 2 1 
3.97857 0.124876 0.124876 2 1 
3.98851 0.125149 0.125149 2 1 
3.99845 0.125421 0.125421 2 1 
4.00839 0.125694 0.125694 2 1 
4.01833 0.125966 0.125966 2 1 
4.02828 0.126238 0.126238 2 1 
4.03822 0.12651 0.12651 2 1 
4.04816 0.126782 0.126782 2 1 
4.0581 0.127053 0.127053 2 1 
4.06334 0.127197 0.127197 2 1 
4.07328 0.127468 0.127468 1 1 
4.08322 0.127739 0.127739 1 1 
4.09317 0.12801 0.12801 1 1 
4.10311 0.128281 0.128281 1 1 
4.11305 0.128552 0.128552 1 1 
4.12299 0.128823 0.128823 1 1 
4.13293 0.129094 0.129094 1 1 
4.14287 0.129364 0.129364 1 1 
4.15281 0.129634 0.129634 1 1 
4.16276 0.129905 0.129905 1 1 
4.1727 0.130175 0.130175 1 1 
4.18264 0.130445 0.130445 1 1 
4.19258 0.130714 0.130714 1 1 
4.20252 0.130984 0.130984 1 1 
4.21246 0.131253 0.131253 1 1 
4.2224 0.131523 0.131523 1 1 
4.23235 0.131792 0.131792 1 1 
4.24229 0.132061 0.132061 1 1 
4.25223 0.13233 0.13233 1 1 
4.26217 0.132599 0.132599 1 1 
4.27211 0.132868 0.132868 1 1 
4.28205 0.133136 0.133136 1 1 
4.292 0.133404 0.133404 1 1 
4.30194 0.133673 0.133673 1 1 
4.31188 0.133941 0.133941 1 1 
4.32182 0.134209 0.134209 1 1 
4.33176 0.134477 0.134477 1 1 
4.3417 0.134744 0.134744 1 1 
4.35165 0.135012 0.135012 1 1 
4.36159 0.135279 0.135279 1 1 
4.37153 0.135547 0.135547 1 1 
4.38147 0.135814 0.135814 1 1 
4.39141 0.136081 0.136081 1 1 
4.40136 0.136348 0.136348 1 1 
4.4113 0.136614 0.136614 1 1 
4.42124 0.136881 0.136881 1 1 
4.43118 0.137147 0.137147 1 1 
4.44112 0.137414 0.137414 1 1 
4.45107 0.13768 0.13768 1 1 
4.46101 0.137946 0.137946 1 1 
4.47095 0.138212 0.138212 1 1 
4.48089 0.138478 0.138478 1 1 
4.49083 0.138744 0.138744 1 1 
4.50078 0.139009 0.139009 1 1 
4.51072 0.139275 0.139275 1 1 
4.52066 0.13954 0.13954 1 1 
4.5306 0.139805 0.139805 1 1 
4.54054 0.14007 0.14007 1 1 
4.55049 0.140335 0.140335 1 1 
4.56043 0.1406 0.1406 1 1 
4.57037 0.140864 0.140864 1 1 
4.58031 0.141129 0.141129 1 1 
4.59025 0.141393 0.141393 1 1 
4.6002 0.141657 0.141657 1 1 
4.61014 0.141921 0.141921 1 1 
4.62008 0.142185 0.142185 1 1 
4.63002 0.142449 0.142449 1 1 
4.63997 0.142713 0.142713 1 1 
4.64991 0.142976 0.142976 1 1 
4.65985 0.14324 0.14324 1 1 
4.66979 0.143503 0.143503 1 1 
4.67974 0.143766 0.143766 1 1 
4.68968 0.144029 0.144029 1 1 
4.69962 0.144292 0.144292 1 1 
4.70956 0.144555 0.144555 1 1 
4.7195 0.144818 0.144818 1 1 
4.72945 0.14508 0.14508 1 1 
4.73939 0.145343 0.145343 1 1 
4.74933 0.145605 0.145605 1 1 
4.75927 0.145867 0.145867 1 1 
4.76922 0.146129 0.146129 1 1 
4.77916 0.146391 0.146391 1 1 
4.7891 0.146653 0.146653 1 1 
4.79904 0.146914 0.146914 1 1 
4.80899 0.147176 0.147176 1 1 
4.81893 0.147437 0.147437 1 1 
4.82887 0.147698 0.147698 1 1 
4.83881 0.147959 0.147959 1 1 
4.84876 0.14822 0.14822 1 1 
4.8587 0.148481 0.148481 1 1 
4.86864 0.148742 0.148742 1 1 
4.87858 0.149002 0.149002 1 1 
4.88853 0.149263 0.149263 1 1 
4.89847 0.149523 0.149523 1 1 
4.90841 0.149783 0.149783 1 1 
4.91836 0.150044 0.150044 1 1 
4.9283 0.150304 0.150304 1 1 
4.93824 0.150563 0.150563 1 1 
4.94818 0.150823 0.150823 1 1 
4.95813 0.151083 0.151083 1 1 
4.96807 0.151342 0.151342 1 1 
4.97801 0.151601 0.151601 1 1 
4.98795 0.151861 0.151861 1 1 
4.9979 0.15212 0.15212 1 1 
5.00784 0.152379 0.152379 1 1 
5.01778 0.152637 0.152637 1 1 
5.02773 0.152896 0.152896 1 1 
5.03767 0.153155 0.153155 1 1 
5.04761 0.153413 0.153413 1 1 
5.05755 0.153671 0.153671 1 1 
5.0675 0.15393 0.15393 1 1 
5.07744 0.154188 0.154188 1 1 
5.08738 0.154446 0.154446 1 1 
5.09733 0.154704 0.154704 1 1 
5.10727 0.154961 0.154961 1 1 
5.11721 0.155219 0.155219 1 1 
5.12715 0.155476 0.155476 1 1 
5.1371 0.155734 0.155734 1 1 
5.14704 0.155991 0.155991 1 1 
5.15698 0.156248 0.156248 1 1 
5.16693 0.156505 0.156505 1 1 
5.17687 0.156762 0.156762 1 1 
5.18681 0.157018 0.157018 1 1 
5.19676 0.157275 0.157275 1 1 
5.2067 0.157532 0.157532 1 1 
5.21664 0.157788 0.157788 1 1 
5.22658 0.158044 0.158044 1 1 
5.23653 0.1583 0.1583 1 1 
5.24647 0.158556 0.158556 1 1 
5.25641 0.158812 0.158812 1 1 
5.26636 0.159068 0.159068 1 1 
5.2763 0.159323 0.159323 1 1 
5.28624 0.159579 0.159579 1 1 
5.29619 0.159834 0.159834 1 1 
5.30613 0.16009 0.16009 1 1 
5.31607 0.160345 0.160345 1 1 
5.32602 0.1606 0.1606 1 1 
5.33596 0.160855 0.160855 1 1 
5.3459 0.161109 0.161109 1 1 
5.35585 0.161364 0.161364 1 1 
5.36579 0.161619 0.161619 1 1 
5.37573 0.161873 0.161873 1 1 
5.38567 0.162127 0.162127 1 1 
5.39562 0.162381 0.162381 1 1 
5.40556 0.162635 0.162635 1 1 
5.4155 0.162889 0.162889 1 1 
5.42545 0.163143 0.163143 1 1 
5.43539 0.163397 0.163397 1 1 
5.44533 0.16365 0.16365 1 1 
5.45528 0.163904 0.163904 1 1 
5.46522 0.164157 0.164157 1 1 
5.47516 0.164411 0.164411 1 1 
5.48511 0.164664 0.164664 1 1 
5.49505 0.164917 0.164917 1 1 
5.50499 0.165169 0.165169 1 1 
5.51494 0.165422 0.165422 1 1 
5.52488 0.165675 0.165675 1 1 
5.53482 0.165927 0.165927 1 1 
5.54477 0.16618 0.16618 1 1 
5.55471 0.166432 0.166432 1 1 
5.56465 0.166684 0.166684 1 1 
5.5746 0.166936 0.166936 1 1 
5.58454 0.167188 0.167188 1 1 
5.59449 0.16744 0.16744 1 1 
5.60443 0.167692 0.167692 1 1 
5.61437 0.167943 0.167943 1 1 
5.62432 0.168195 0.168195 1 1 
5.63426 0.168446 0.168446 1 1 
5.6442 0.168697 0.168697 1 1 
5.65415 0.168948 0.168948 1 1 
5.66409 0.169199 0.169199 1 1 
5.67403 0.16945 0.16945 1 1 
5.68398 0.169701 0.169701 1 1 
5.69392 0.169952 0.169952 1 1 
5.70386 0.170202 0.170202 1 1 
5.71381 0.170452 0.170452 1 1 
5.72375 0.170703 0.170703 1 1 
5.73369 0.170953 0.170953 1 1 
5.74364 0.171203 0.171203 1 1 
5.75358 0.171453 0.171453 1 1 
5.76352 0.171703 0.171703 1 1 
5.77347 0.171952 0.171952 1 1 
5.78341 0.172202 0.172202 1 1 
5.79336 0.172452 0.172452 1 1 
5.8033 0.172701 0.172701 1 1 
5.81324 0.17295 0.17295 1 1 
5.82319 0.173199 0.173199 1 1 
5.83313 0.173448 0.173448 1 1 
5.84307 0.173697 0.173697 1 1 
5.85302 0.173946 0.173946 1 1 
5.86296 0.174195 0.174195 1 1 
5.8729 0.174443 0.174443 1 1 
5.88285 0.174692 0.174692 1 1 
5.89279 0.17494 0.17494 1 1 
5.90274 0.175188 0.175188 1 1 
5.91268 0.175436 0.175436 1 1 
5.92262 0.175685 0.175685 1 1 
5.93257 0.175932 0.175932 1 1 
5.94251 0.17618 0.17618 1 1 
5.95245 0.176428 0.176428 1 1 
5.9624 0.176675 0.176675 1 1 
5.97234 0.176923 0.176923 1 1 
5.98229 0.17717 0.17717 1 1 
5.99223 0.177417 0.177417 1 1 
6.00217 0.177664 0.177664 1 1 
6.01212 0.177911 0.177911 1 1 
6.02206 0.178158 0.178158 1 1 
6.032 0.178405 0.178405 1 1 
6.04195 0.178652 0.178652 1 1 
6.05189 0.178898 0.178898 1 1 
6.06184 0.179145 0.179145 1 1 
6.07178 0.179391 0.179391 1 1 
6.08172 0.179637 0.179637 1 1 
6.09167 0.179883 0.179883 1 1 
6.10161 0.180129 0.180129 1 1 
6.11155 0.180375 0.180375 1 1 
6.1215 0.180621 0.180621 1 1 
6.13144 0.180867 0.180867 1 1 
6.14139 0.181112 0.181112 1 1 
6.15133 0.181358 0.181358 1 1 
6.16127 0.181603 0.181603 1 1 
6.17122 0.181848 0.181848 1 1 
6.18116 0.182093 0.182093 1 1 
6.1911 0.182338 0.182338 1 1 
6.20105 0.182583 0.182583 1 1 
6.21099 0.182828 0.182828 1 1 
6.22094 0.183073 0.183073 1 1 
6.23088 0.183317 0.183317 1 1 
6.24082 0.183562 0.183562 1 1 
6.25077 0.183806 0.183806 1 1 
6.26071 0.18405 0.18405 1 1 
6.27066 0.184294 0.184294 1 1 
6.2806 0.184538 0.184538 1 1 
6.29054 0.184782 0.184782 1 1 
6.30049 0.185026 0.185026 1 1 
6.31043 0.18527 0.18527 1 1 
6.32038 0.185513 0.185513 1 1 
6.33032 0.185757 0.185757 1 1 
6.34026 0.186 0.186 1 1 
6.35021 0.186243 0.186243 1 1 
6.36015 0.186487 0.186487 1 1 
6.37009 0.18673 0.18673 1 1 
6.38004 0.186973 0.186973 1 1 
6.38998 0.187215 0.187215 1 1 
6.39993 0.187458 0.187458 1 1 
6.40987 0.187701 0.187701 1 1 
6.41981 0.187943 0.187943 1 1 
6.42976 0.188186 0.188186 1 1 
6.4397 0.188428 0.188428 1 1 
6.44965 0.18867 0.18867 1 1 
6.45959 0.188912 0.188912 1 1 
6.46953 0.189154 0.189154 1 1 
6.47948 0.189396 0.189396 1 1 
6.48942 0.189638 0.189638 1 1 
6.49937 0.189879 0.189879 1 1 
6.50931 0.190121 0.190121 1 1 
6.51925 0.190362 0.190362 1 1 
6.5292 0.190604 0.190604 1 1 
6.53914 0.190845 0.190845 1 1 
6.54909 0.191086 0.191086 1 1 
6.55903 0.191327 0.191327 1 1 
6.56897 0.191568 0.191568 1 1 
6.57892 0.191809 0.191809 1 1 
6.58886 0.192049 0.192049 1 1 
6.59881 0.19229 0.19229 1 1 
6.60875 0.19253 0.19253 1 1 
6.61869 0.192771 0.192771 1 1 
6.62864 0.193011 0.193011 1 1 
6.63858 0.193251 0.193251 1 1 
6.64853 0.193491 0.193491 1 1 
6.65847 0.193731 0.193731 1 1 
6.66841 0.193971 0.193971 1 1 
6.67836 0.194211 0.194211 1 1 
6.6883 0.19445 0.19445 1 1 
6.69825 0.19469 0.19469 1 1 
6.70819 0.194929 0.194929 1 1 
6.71813 0.195169 0.195169 1 1 
6.72808 0.195408 0.195408 1 1 
6.73802 0.195647 0.195647 1 1 
6.74797 0.195886 0.195886 1 1 
6.75791 0.196125 0.196125 1 1 
6.76786 0.196364 0.196364 1 1 
6.7778 0.196602 0.196602 1 1 
6.78774 0.196841 0.196841 1 1 
6.79769 0.197079 0.197079 1 1 
6.80763 0.197318 0.197318 1 1 
6.81758 0.197556 0.197556 1 1 
6.82752 0.197794 0.197794 1 1 
6.83746 0.198032 0.198032 1 1 
6.84741 0.19827 0.19827 1 1 
6.85735 0.198508 0.198508 1 1 
6.8673 0.198746 0.198746 1 1 
6.87724 0.198983 0.198983 1 1 
6.88718 0.199221 0.199221 1 1 
6.89713 0.199458 0.199458 1 1 
6.90707 0.199696 0.199696 1 1 
6.91702 0.199933 0.199933 1 1 
6.92696 0.20017 0.20017 1 1 
6.9369 0.200407 0.200407 1 1 
6.94685 0.200644 0.200644 1 1 
6.95679 0.200881 0.200881 1 1 
6.96674 0.201118 0.201118 1 1 
6.97668 0.201354 0.201354 1 1 
6.98662 0.201591 0.201591 1 1 
6.99657 0.201827 0.201827 1 1 
7.00651 0.202064 0.202064 1 1 
7.01646 0.2023 0.2023 1 1 
7.0264 0.202536 0.202536 1 1 
7.03635 0.202772 0.202772 1 1 
7.04629 0.203008 0.203008 1 1 
7.05623 0.203244 0.203244 1 1 
7.06618 0.20348 0.20348 1 1 
7.07612 0.203715 0.203715 1 1 
7.08607 0.203951 0.203951 1 1 
7.09601 0.204186 0.204186 1 1 
7.10595 0.204421 0.204421 1 1 
7.1159 0.204657 0.204657 1 1 
7.12584 0.204892 0.204892 1 1 
7.13579 0.205127 0.205127 1 1 
7.14573 0.205362 0.205362 1 1 
7.15567 0.205597 0.205597 1 1 
7.16562 0.205831 0.205831 1 1 
7.17556 0.206066 0.206066 1 1 
7.18551 0.2063 0.2063 1 1 
7.19545 0.206535 0.206535 1 1 
7.20539 0.206769 0.206769 1 1 
7.21534 0.207003 0.207003 1 1 
7.22528 0.207237 0.207237 1 1 
7.23523 0.207471 0.207471 1 1 
7.24517 0.207705 0.207705 1 1 
7.25512 0.207939 0.207939 1 1 
7.26506 0.208173 0.208173 1 1 
7.275 0.208407 0.208407 1 1 
7.28495 0.20864 0.20864 1 1 
7.29489 0.208874 0.208874 1 1 
7.30484 0.209107 0.209107 1 1 
7.31478 0.20934 0.20934 1 1 
7.32472 0.209573 0.209573 1 1 
7.33467 0.209806 0.209806 1 1 
7.34461 0.210039 0.210039 1 1 
7.35456 0.210272 0.210272 1 1 
7.3645 0.210505 0.210505 1 1 
7.37444 0.210737 0.210737 1 1 
7.38439 0.21097 0.21097 1 1 
7.39433 0.211202 0.211202 1 1 
7.40428 0.211435 0.211435 1 1 
7.41422 0.211667 0.211667 1 1 
7.42416 0.211899 0.211899 1 1 
7.43411 0.212131 0.212131 1 1 
7.44405 0.212363 0.212363 1 1 
7.454 0.212595 0.212595 1 1 
7.46394 0.212827 0.212827 1 1 
7.47388 0.213058 0.213058 1 1 
7.48383 0.21329 0.21329 1 1 
7.49377 0.213521 0.213521 1 1 
7.50372 0.213753 0.213753 1 1 
7.51366 0.213984 0.213984 1 1 
7.52361 0.214215 0.214215 1 1 
7.53355 0.214446 0.214446 1 1 
7.54349 0.214677 0.214677 1 1 
7.55344 0.214908 0.214908 1 1 
7.56338 0.215139 0.215139 1 1 
7.57333 0.215369 0.215369 1 1 
7.58327 0.2156 0.2156 1 1 
7.59321 0.21583 0.21583 1 1 
7.60316 0.216061 0.216061 1 1 
7.6131 0.216291 0.216291 1 1 
7.62305 0.216521 0.216521 1 1 
7.63299 0.216751 0.216751 1 1 
7.64293 0.216981 0.216981 1 1 
7.65288 0.217211 0.217211 1 1 
7.66282 0.217441 0.217441 1 1 
7.67277 0.217671 0.217671 1 1 
7.68271 0.217901 0.217901 1 1 
7.69265 0.21813 0.21813 1 1 
7.7026 0.218359 0.218359 1 1 
7.71254 0.218589 0.218589 1 1 
7.72249 0.218818 0.218818 1 1 
7.73243 0.219047 0.219047 1 1 
7.74237 0.219276 0.219276 1 1 
7.75232 0.219505 0.219505 1 1 
7.76226 0.219734 0.219734 1 1 
7.77221 0.219963 0.219963 1 1 
7.78215 0.220192 0.220192 1 1 
7.79209 0.22042 0.22042 1 1 
7.80204 0.220649 0.220649 1 1 
7.81198 0.220877 0.220877 1 1 
7.82193 0.221105 0.221105 1 1 
7.83187 0.221333 0.221333 1 1 
7.84181 0.221562 0.221562 1 1 
7.85176 0.22179 0.22179 1 1 
7.8617 0.222017 0.222017 1 1 
7.87164 0.222245 0.222245 1 1 
7.88159 0.222473 0.222473 1 1 
7.89153 0.222701 0.222701 1 1 
7.90148 0.222928 0.222928 1 1 
7.91142 0.223156 0.223156 1 1 
7.92136 0.223383 0.223383 1 1 
7.93131 0.22361 0.22361 1 1 
7.94125 0.223837 0.223837 1 1 
7.9512 0.224064 0.224064 1 1 
7.96114 0.224291 0.224291 1 1 
7.97108 0.224518 0.224518 1 1 
7.98103 0.224745 0.224745 1 1 
7.99097 0.224972 0.224972 1 1 
8.00092 0.225198 0.225198 1 1 
8.01086 0.225425 0.225425 1 1 
8.0208 0.225651 0.225651 1 1 
8.03075 0.225878 0.225878 1 1 
8.04069 0.226104 0.226104 1 1 
8.05064 0.22633 0.22633 1 1 
8.06058 0.226556 0.226556 1 1 
8.07052 0.226782 0.226782 1 1 
8.08047 0.227008 0.227008 1 1 
8.09041 0.227234 0.227234 1 1 
8.10035 0.227459 0.227459 1 1 
8.1103 0.227685 0.227685 1 1 
8.12024 0.22791 0.22791 1 1 
8.13019 0.228136 0.228136 1 1 
8.14013 0.228361 0.228361 1 1 
8.15007 0.228586 0.228586 1 1 
8.16002 0.228811 0.228811 1 1 
8.16996 0.229036 0.229036 1 1 
8.1799 0.229261 0.229261 1 1 
8.18985 0.229486 0.229486 1 1 
8.19979 0.229711 0.229711 1 1 
8.20974 0.229935 0.229935 1 1 
8.21968 0.23016 0.23016 1 1 
8.22962 0.230384 0.230384 1 1 
8.23957 0.230609 0.230609 1 1 
8.24951 0.230833 0.230833 1 1 
8.25945 0.231057 0.231057 1 1 
8.2694 0.231281 0.231281 1 1 
8.27934 0.231505 0.231505 1 1 
8.28929 0.231729 0.231729 1 1 
8.29923 0.231953 0.231953 1 1 
8.30917 0.232177 0.232177 1 1 
8.31912 0.232401 0.232401 1 1 
8.32906 0.232624 0.232624 1 1 
8.339 0.232848 0.232848 1 1 
8.34895 0.233071 0.233071 1 1 
8.35889 0.233294 0.233294 1 1 
8.36884 0.233517 0.233517 1 1 
8.37878 0.233741 0.233741 1 1 
8.38872 0.233964 0.233964 1 1 
8.39867 0.234186 0.234186 1 1 
8.40861 0.234409 0.234409 1 1 
8.41855 0.234632 0.234632 1 1 
8.4285 0.234855 0.234855 1 1 
8.43844 0.235077 0.235077 1 1 
8.44838 0.2353 0.2353 1 1 
8.45833 0.235522 0.235522 1 1 
8.46827 0.235744 0.235744 1 1 
8.47822 0.235967 0.235967 1 1 
8.48816 0.236189 0.236189 1 1 
8.4981 0.236411 0.236411 1 1 
8.50805 0.236633 0.236633 1 1 
8.51799 0.236855 0.236855 1 1 
8.52793 0.237076 0.237076 1 1 
8.53788 0.237298 0.237298 1 1 
8.54782 0.23752 0.23752 1 1 
8.55776 0.237741 0.237741 1 1 
8.56771 0.237962 0.237962 1 1 
8.57765 0.238184 0.238184 1 1 
8.58759 0.238405 0.238405 1 1 
8.59754 0.238626 0.238626 1 1 
8.60748 0.238847 0.238847 1 1 
8.61743 0.239068 0.239068 1 1 
8.62737 0.239289 0.239289 1 1 
8.63731 0.23951 0.23951 1 1 
8.64726 0.23973 0.23973 1 1 
8.6572 0.239951 0.239951 1 1 
8.66714 0.240171 0.240171 1 1 
8.67709 0.240392 0.240392 1 1 
8.68703 0.240612 0.240612 1 1 
8.69697 0.240832 0.240832 1 1 
8.70692 0.241053 0.241053 1 1 
8.71686 0.241273 0.241273 1 1 
8.7268 0.241493 0.241493 1 1 
8.73675 0.241712 0.241712 1 1 
8.74669 0.241932 0.241932 1 1 
8.75663 0.242152 0.242152 1 1 
8.76658 0.242372 0.242372 1 1 
8.77652 0.242591 0.242591 1 1 
8.78646 0.242811 0.242811 1 1 
8.79641 0.24303 0.24303 1 1 
8.80635 0.243249 0.243249 1 1 
8.81629 0.243468 0.243468 1 1 
8.82624 0.243688 0.243688 1 1 
8.83618 0.243907 0.243907 1 1 
8.84612 0.244125 0.244125 1 1 
8.85607 0.244344 0.244344 1 1 
8.86601 0.244563 0.244563 1 1 
8.87595 0.244782 0.244782 1 1 
8.8859 0.245 0.245 1 1 
8.89584 0.245219 0.245219 1 1 
8.90578 0.245437 0.245437 1 1 
8.91573 0.245655 0.245655 1 1 
8.92567 0.245874 0.245874 1 1 
8.93561 0.246092 0.246092 1 1 
8.94556 0.24631 0.24631 1 1 
8.9555 0.246528 0.246528 1 1 
8.96544 0.246746 0.246746 1 1 
8.97539 0.246963 0.246963 1 1 
8.98533 0.247181 0.247181 1 1 
8.99527 0.247399 0.247399 1 1 
9.00521 0.247616 0.247616 1 1 
9.01516 0.247834 0.247834 1 1 
9.0251 0.248051 0.248051 1 1 
9.03504 0.248268 0.248268 1 1 
9.04499 0.248486 0.248486 1 1 
9.05493 0.248703 0.248703 1 1 
9.06487 0.24892 0.24892 1 1 
9.07482 0.249137 0.249137 1 1 
9.08476 0.249353 0.249353 1 1 
9.0947 0.24957 0.24957 1 1 
9.10465 0.249787 0.249787 1 1 
9.11459 0.250003 0.250003 1 1 
9.12453 0.25022 0.25022 1 1 
9.13447 0.250436 0.250436 1 1 
9.14442 0.250653 0.250653 1 1 
9.15436 0.250869 0.250869 1 1 
9.1643 0.251085 0.251085 1 1 
9.17425 0.251301 0.251301 1 1 
9.18419 0.251517 0.251517 1 1 
9.19413 0.251733 0.251733 1 1 
9.20408 0.251949 0.251949 1 1 
9.21402 0.252165 0.252165 1 1 
9.22396 0.25238 0.25238 1 1 
9.2339 0.252596 0.252596 1 1 
9.24385 0.252811 0.252811 1 1 
9.25379 0.253027 0.253027 1 1 
9.26373 0.253242 0.253242 1 1 
9.27368 0.253457 0.253457 1 1 
9.28362 0.253672 0.253672 1 1 
9.29356 0.253887 0.253887 1 1 
9.3035 0.254102 0.254102 1 1 
9.31345 0.254317 0.254317 1 1 
9.32339 0.254532 0.254532 1 1 
9.33333 0.254747 0.254747 1 1 
9.34328 0.254961 0.254961 1 1 
9.35322 0.255176 0.255176 1 1 
9.36316 0.25539 0.25539 1 1 
9.3731 0.255605 0.255605 1 1 
9.38305 0.255819 0.255819 1 1 
9.39299 0.256033 0.256033 1 1 
9.40293 0.256247 0.256247 1 1 
9.41287 0.256461 0.256461 1 1 
9.42282 0.256675 0.256675 1 1 
9.43276 0.256889 0.256889 1 1 
9.4427 0.257103 0.257103 1 1 
9.45265 0.257317 0.257317 1 1 
9.46259 0.25753 0.25753 1 1 
9.47253 0.257744 0.257744 1 1 
9.48247 0.257957 0.257957 1 1 
9.49242 0.25817 0.25817 1 1 
9.50236 0.258384 0.258384 1 1 
9.5123 0.258597 0.258597 1 1 
9.52224 0.25881 0.25881 1 1 
9.53219 0.259023 0.259023 1 1 
9.54213 0.259236 0.259236 1 1 
9.55207 0.259449 0.259449 1 1 
9.56201 0.259662 0.259662 1 1 
9.57196 0.259874 0.259874 1 1 
9.5819 0.260087 0.260087 1 1 
9.59184 0.2603 0.2603 1 1 
9.60178 0.260512 0.260512 1 1 
9.61173 0.260724 0.260724 1 1 
9.62167 0.260937 0.260937 1 1 
9.63161 0.261149 0.261149 1 1 
9.64155 0.261361 0.261361 1 1 
9.6515 0.261573 0.261573 1 1 
9.66144 0.261785 0.261785 1 1 
9.67138 0.261997 0.261997 1 1 
9.68132 0.262209 0.262209 1 1 
9.69127 0.26242 0.26242 1 1 
9.70121 0.262632 0.262632 1 1 
9.71115 0.262843 0.262843 1 1 
9.72109 0.263055 0.263055 1 1 
9.73104 0.263266 0.263266 1 1 
9.74098 0.263478 0.263478 1 1 
9.75092 0.263689 0.263689 1 1 
9.76086 0.2639 0.2639 1 1 
9.7708 0.264111 0.264111 1 1 
9.78075 0.264322 0.264322 1 1 
9.79069 0.264533 0.264533 1 1 
9.80063 0.264744 0.264744 1 1 
9.81057 0.264954 0.264954 1 1 
9.82052 0.265165 0.265165 1 1 
9.83046 0.265375 0.265375 1 1 
9.8404 0.265586 0.265586 1 1 
9.85034 0.265796 0.265796 1 1 
9.86028 0.266007 0.266007 1 1 
9.87023 0.266217 0.266217 1 1 
9.88017 0.266427 0.266427 1 1 
9.89011 0.266637 0.266637 1 1 
9.90005 0.266847 0.266847 1 1 
9.90999 0.267057 0.267057 1 1 
9.91994 0.267267 0.267267 1 1 
9.92988 0.267476 0.267476 1 1 
9.93982 0.267686 0.267686 1 1 
9.94976 0.267896 0.267896 1 1 
9.9597 0.268105 0.268105 1 1 
9.96965 0.268315 0.268315 1 1 
9.97959 0.268524 0.268524 1 1 
9.98953 0.268733 0.268733 1 1 
9.99947 0.268942 0.268942 1 1 
10.0094 0.269151 0.269151 1 1 
10.0194 0.26936 0.26936 1 1 
10.0293 0.269569 0.269569 1 1 
10.0392 0.269778 0.269778 1 1 
10.0492 0.269987 0.269987 1 1 
10.0591 0.270196 0.270196 1 1 
10.0691 0.270404 0.270404 1 1 
10.079 0.270613 0.270613 1 1 
10.0889 0.270821 0.270821 1 1 
10.0989 0.27103 0.27103 1 1 
10.1088 0.271238 0.271238 1 1 
10.1188 0.271446 0.271446 1 1 
10.1287 0.271654 0.271654 1 1 
10.1387 0.271862 0.271862 1 1 
10.1486 0.27207 0.27207 1 1 
10.1585 0.272278 0.272278 1 1 
10.1685 0.272486 0.272486 1 1 
10.1784 0.272694 0.272694 1 1 
10.1884 0.272901 0.272901 1 1 
10.1983 0.273109 0.273109 1 1 
10.2082 0.273316 0.273316 1 1 
10.2182 0.273524 0.273524 1 1 
10.2281 0.273731 0.273731 1 1 
10.2381 0.273938 0.273938 1 1 
10.248 0.274145 0.274145 1 1 
10.258 0.274352 0.274352 1 1 
10.2679 0.274559 0.274559 1 1 
10.2778 0.274766 0.274766 1 1 
10.2878 0.274973 0.274973 1 1 
10.2977 0.27518 0.27518 1 1 
10.3077 0.275387 0.275387 1 1 
10.3176 0.275593 0.275593 1 1 
10.3275 0.2758 0.2758 1 1 
10.3375 0.276006 0.276006 1 1 
10.3474 0.276213 0.276213 1 1 
10.3574 0.276419 0.276419 1 1 
10.3673 0.276625 0.276625 1 1 
10.3773 0.276831 0.276831 1 1 
10.3872 0.277037 0.277037 1 1 
10.3971 0.277243 0.277243 1 1 
10.4071 0.277449 0.277449 1 1 
10.417 0.277655 0.277655 1 1 
10.427 0.277861 0.277861 1 1 
10.4369 0.278066 0.278066 1 1 
10.4468 0.278272 0.278272 1 1 
10.4568 0.278477 0.278477 1 1 
10.4667 0.278683 0.278683 1 1 
10.4767 0.278888 0.278888 1 1 
10.4866 0.279094 0.279094 1 1 
10.4965 0.279299 0.279299 1 1 
10.5065 0.279504 0.279504 1 1 
10.5164 0.279709 0.279709 1 1 
10.5264 0.279914 0.279914 1 1 
10.5363 0.280119 0.280119 1 1 
10.5463 0.280323 0.280323 1 1 
10.5562 0.280528 0.280528 1 1 
10.5661 0.280733 0.280733 1 1 
10.5761 0.280937 0.280937 1 1 
10.586 0.281142 0.281142 1 1 
10.596 0.281346 0.281346 1 1 
10.6059 0.281551 0.281551 1 1 
10.6158 0.281755 0.281755 1 1 
10.6258 0.281959 0.281959 1 1 
10.6357 0.282163 0.282163 1 1 
10.6457 0.282367 0.282367 1 1 
10.6556 0.282571 0.282571 1 1 
10.6655 0.282775 0.282775 1 1 
10.6755 0.282979 0.282979 1 1 
10.6854 0.283182 0.283182 1 1 
10.6954 0.283386 0.283386 1 1 
10.7053 0.28359 0.28359 1 1 
10.7152 0.283793 0.283793 1 1 
10.7252 0.283996 0.283996 1 1 
10.7351 0.2842 0.2842 1 1 
10.7451 0.284403 0.284403 1 1 
10.755 0.284606 0.284606 1 1 
10.765 0.284809 0.284809 1 1 
10.7749 0.285012 0.285012 1 1 
10.7848 0.285215 0.285215 1 1 
10.7948 0.285418 0.285418 1 1 
10.8047 0.285621 0.285621 1 1 
10.8147 0.285823 0.285823 1 1 
10.8246 0.286026 0.286026 1 1 
10.8345 0.286229 0.286229 1 1 
10.8445 0.286431 0.286431 1 1 
10.8544 0.286633 0.286633 1 1 
10.8644 0.286836 0.286836 1 1 
10.8743 0.287038 0.287038 1 1 
10.8842 0.28724 0.28724 1 1 
10.8942 0.287442 0.287442 1 1 
10.9041 0.287644 0.287644 1 1 
10.9141 0.287846 0.287846 1 1 
10.924 0.288048 0.288048 1 1 
10.9339 0.28825 0.28825 1 1 
10.9439 0.288452 0.288452 1 1 
10.9538 0.288653 0.288653 1 1 
10.9638 0.288855 0.288855 1 1 
10.9737 0.289056 0.289056 1 1 
10.9836 0.289258 0.289258 1 1 
10.9936 0.289459 0.289459 1 1 
11.0035 0.28966 0.28966 1 1 
11.0135 0.289861 0.289861 1 1 
11.0234 0.290062 0.290062 1 1 
11.0333 0.290263 0.290263 1 1 
11.0433 0.290464 0.290464 1 1 
11.0532 0.290665 0.290665 1 1 
11.0632 0.290866 0.290866 1 1 
11.0731 0.291067 0.291067 1 1 
11.083 0.291267 0.291267 1 1 
11.093 0.291468 0.291468 1 1 
11.1029 0.291668 0.291668 1 1 
11.1129 0.291869 0.291869 1 1 
11.1228 0.292069 0.292069 1 1 
11.1327 0.292269 0.292269 1 1 
11.1427 0.29247 0.29247 1 1 
11.1526 0.29267 0.29267 1 1 
11.1626 0.29287 0.29287 1 1 
11.1725 0.29307 0.29307 1 1 
11.1824 0.29327 0.29327 1 1 
11.1924 0.293469 0.293469 1 1 
11.2023 0.293669 0.293669 1 1 
11.2123 0.293869 0.293869 1 1 
11.2222 0.294068 0.294068 1 1 
11.2321 0.294268 0.294268 1 1 
11.2421 0.294467 0.294467 1 1 
11.252 0.294667 0.294667 1 1 
11.262 0.294866 0.294866 1 1 
11.2719 0.295065 0.295065 1 1 
11.2818 0.295264 0.295264 1 1 
11.2918 0.295463 0.295463 1 1 
11.3017 0.295662 0.295662 1 1 
11.3117 0.295861 0.295861 1 1 
11.3216 0.29606 0.29606 1 1 
11.3315 0.296259 0.296259 1 1 
11.3415 0.296457 0.296457 1 1 
11.3514 0.296656 0.296656 1 1 
11.3614 0.296854 0.296854 1 1 
11.3713 0.297053 0.297053 1 1 
11.3812 0.297251 0.297251 1 1 
11.3912 0.29745 0.29745 1 1 
11.4011 0.297648 0.297648 1 1 
11.4111 0.297846 0.297846 1 1 
11.421 0.298044 0.298044 1 1 
11.4309 0.298242 0.298242 1 1 
11.4409 0.29844 0.29844 1 1 
11.4508 0.298638 0.298638 1 1 
11.4607 0.298836 0.298836 1 1 
11.4707 0.299033 0.299033 1 1 
11.4806 0.299231 0.299231 1 1 
11.4906 0.299429 0.299429 1 1 
11.5005 0.299626 0.299626 1 1 
11.5104 0.299823 0.299823 1 1 
11.5204 0.300021 0.300021 1 1 
11.5303 0.300218 0.300218 1 1 
11.5403 0.300415 0.300415 1 1 
11.5502 0.300612 0.300612 1 1 
11.5601 0.300809 0.300809 1 1 
11.5701 0.301006 0.301006 1 1 
11.58 0.301203 0.301203 1 1 
11.59 0.3014 0.3014 1 1 
11.5999 0.301597 0.301597 1 1 
11.6098 0.301793 0.301793 1 1 
11.6198 0.30199 0.30199 1 1 
11.6297 0.302187 0.302187 1 1 
11.6396 0.302383 0.302383 1 1 
11.6496 0.302579 0.302579 1 1 
11.6595 0.302776 0.302776 1 1 
11.6695 0.302972 0.302972 1 1 
11.6794 0.303168 0.303168 1 1 
11.6893 0.303364 0.303364 1 1 
11.6993 0.30356 0.30356 1 1 
11.7092 0.303756 0.303756 1 1 
11.7192 0.303952 0.303952 1 1 
11.7291 0.304148 0.304148 1 1 
11.739 0.304344 0.304344 1 1 
11.749 0.304539 0.304539 1 1 
11.7589 0.304735 0.304735 1 1 
11.7689 0.30493 0.30493 1 1 
11.7788 0.305126 0.305126 1 1 
11.7887 0.305321 0.305321 1 1 
11.7987 0.305516 0.305516 1 1 
11.8086 0.305711 0.305711 1 1 
11.8185 0.305907 0.305907 1 1 
11.8285 0.306102 0.306102 1 1 
11.8384 0.306297 0.306297 1 1 
11.8484 0.306492 0.306492 1 1 
11.8583 0.306686 0.306686 1 1 
11.8682 0.306881 0.306881 1 1 
11.8782 0.307076 0.307076 1 1 
11.8881 0.30727 0.30727 1 1 
11.898 0.307465 0.307465 1 1 
11.908 0.30766 0.30766 1 1 
11.9179 0.307854 0.307854 1 1 
11.9279 0.308048 0.308048 1 1 
11.9378 0.308243 0.308243 1 1 
11.9477 0.308437 0.308437 1 1 
11.9577 0.308631 0.308631 1 1 
11.9676 0.308825 0.308825 1 1 
11.9776 0.309019 0.309019 1 1 
11.9875 0.309213 0.309213 1 1 
11.9974 0.309407 0.309407 1 1 
12.0074 0.3096 0.3096 1 1 
12.0173 0.309794 0.309794 1 1 
12.0272 0.309988 0.309988 1 1 
12.0372 0.310181 0.310181 1 1 
12.0471 0.310375 0.310375 1 1 
12.0571 0.310568 0.310568 1 1 
12.067 0.310761 0.310761 1 1 
12.0769 0.310955 0.310955 1 1 
12.0869 0.311148 0.311148 1 1 
12.0968 0.311341 0.311341 1 1 
12.1067 0.311534 0.311534 1 1 
12.1167 0.311727 0.311727 1 1 
12.1266 0.31192 0.31192 1 1 
12.1366 0.312112 0.312112 1 1 
12.1465 0.312305 0.312305 1 1 
12.1564 0.312498 0.312498 1 1 
12.1664 0.312691 0.312691 1 1 
12.1763 0.312883 0.312883 1 1 
12.1862 0.313075 0.313075 1 1 
12.1962 0.313268 0.313268 1 1 
12.2061 0.31346 0.31346 1 1 
12.2161 0.313652 0.313652 1 1 
12.226 0.313845 0.313845 1 1 
12.2359 0.314037 0.314037 1 1 
12.2459 0.314229 0.314229 1 1 
12.2558 0.314421 0.314421 1 1 
12.2657 0.314613 0.314613 1 1 
12.2757 0.314804 0.314804 1 1 
12.2856 0.314996 0.314996 1 1 
12.2956 0.315188 0.315188 1 1 
12.3055 0.315379 0.315379 1 1 
12.3154 0.315571 0.315571 1 1 
12.3254 0.315762 0.315762 1 1 
12.3353 0.315954 0.315954 1 1 
12.3452 0.316145 0.316145 1 1 
12.3552 0.316336 0.316336 1 1 
12.3651 0.316528 0.316528 1 1 
12.375 0.316719 0.316719 1 1 
12.385 0.31691 0.31691 1 1 
12.3949 0.317101 0.317101 1 1 
12.4049 0.317291 0.317291 1 1 
12.4148 0.317482 0.317482 1 1 
12.4247 0.317673 0.317673 1 1 
12.4347 0.317864 0.317864 1 1 
12.4446 0.318054 0.318054 1 1 
12.4545 0.318245 0.318245 1 1 
12.4645 0.318435 0.318435 1 1 
12.4744 0.318626 0.318626 1 1 
12.4844 0.318816 0.318816 1 1 
12.4943 0.319006 0.319006 1 1 
12.5042 0.319196 0.319196 1 1 
12.5142 0.319387 0.319387 1 1 
12.5241 0.319577 0.319577 1 1 
12.534 0.319767 0.319767 1 1 
12.544 0.319957 0.319957 1 1 
12.5539 0.320146 0.320146 1 1 
12.5638 0.320336 0.320336 1 1 
12.5738 0.320526 0.320526 1 1 
12.5837 0.320715 0.320715 1 1 
12.5937 0.320905 0.320905 1 1 
12.6036 0.321094 0.321094 1 1 
12.6135 0.321284 0.321284 1 1 
12.6235 0.321473 0.321473 1 1 
12.6334 0.321662 0.321662 1 1 
12.6433 0.321852 0.321852 1 1 
12.6533 0.322041 0.322041 1 1 
12.6632 0.32223 0.32223 1 1 
12.6731 0.322419 0.322419 1 1 
12.6831 0.322608 0.322608 1 1 
12.693 0.322797 0.322797 1 1 
12.703 0.322985 0.322985 1 1 
12.7129 0.323174 0.323174 1 1 
12.7228 0.323363 0.323363 1 1 
12.7328 0.323551 0.323551 1 1 
12.7427 0.32374 0.32374 1 1 
12.7526 0.323928 0.323928 1 1 
12.7626 0.324117 0.324117 1 1 
12.7725 0.324305 0.324305 1 1 
12.7824 0.324493 0.324493 1 1 
12.7924 0.324681 0.324681 1 1 
12.8023 0.324869 0.324869 1 1 
12.8122 0.325057 0.325057 1 1 
12.8222 0.325245 0.325245 1 1 
12.8321 0.325433 0.325433 1 1 
12.8421 0.325621 0.325621 1 1 
12.852 0.325809 0.325809 1 1 
12.8619 0.325996 0.325996 1 1 
12.8719 0.326184 0.326184 1 1 
12.8818 0.326371 0.326371 1 1 
12.8917 0.326559 0.326559 1 1 
12.9017 0.326746 0.326746 1 1 
12.9116 0.326934 0.326934 1 1 
12.9215 0.327121 0.327121 1 1 
12.9315 0.327308 0.327308 1 1 
12.9414 0.327495 0.327495 1 1 
12.9513 0.327682 0.327682 1 1 
12.9613 0.327869 0.327869 1 1 
12.9712 0.328056 0.328056 1 1 
12.9811 0.328243 0.328243 1 1 
12.9911 0.32843 0.32843 1 1 
13.001 0.328616 0.328616 1 1 
13.011 0.328803 0.328803 1 1 
13.0209 0.32899 0.32899 1 1 
13.0308 0.329176 0.329176 1 1 
13.0408 0.329362 0.329362 1 1 
13.0507 0.329549 0.329549 1 1 
13.0606 0.329735 0.329735 1 1 
13.0706 0.329921 0.329921 1 1 
13.0805 0.330107 0.330107 1 1 
13.0904 0.330294 0.330294 1 1 
13.1004 0.33048 0.33048 1 1 
13.1103 0.330665 0.330665 1 1 
13.1202 0.330851 0.330851 1 1 
13.1302 0.331037 0.331037 1 1 
13.1401 0.331223 0.331223 1 1 
13.15 0.331409 0.331409 1 1 
13.16 0.331594 0.331594 1 1 
13.1699 0.33178 0.33178 1 1 
13.1798 0.331965 0.331965 1 1 
13.1898 0.332151 0.332151 1 1 
13.1997 0.332336 0.332336 1 1 
13.2096 0.332521 0.332521 1 1 
13.2196 0.332706 0.332706 1 1 
13.2295 0.332891 0.332891 1 1 
13.2394 0.333076 0.333076 1 1 
13.2494 0.333261 0.333261 1 1 
13.2593 0.333446 0.333446 1 1 
13.2693 0.333631 0.333631 1 1 
13.2792 0.333816 0.333816 1 1 
13.2891 0.334001 0.334001 1 1 
13.2991 0.334185 0.334185 1 1 
13.309 0.33437 0.33437 1 1 
13.3189 0.334554 0.334554 1 1 
13.3289 0.334739 0.334739 1 1 
13.3388 0.334923 0.334923 1 1 
13.3487 0.335107 0.335107 1 1 
13.3587 0.335292 0.335292 1 1 
13.3686 0.335476 0.335476 1 1 
13.3785 0.33566 0.33566 1 1 
13.3885 0.335844 0.335844 1 1 
13.3984 0.336028 0.336028 1 1 
13.4083 0.336212 0.336212 1 1 
13.4183 0.336396 0.336396 1 1 
13.4282 0.336579 0.336579 1 1 
13.4381 0.336763 0.336763 1 1 
13.4481 0.336947 0.336947 1 1 
13.458 0.33713 0.33713 1 1 
13.4679 0.337314 0.337314 1 1 
13.4779 0.337497 0.337497 1 1 
13.4878 0.337681 0.337681 1 1 
13.4977 0.337864 0.337864 1 1 
13.5077 0.338047 0.338047 1 1 
13.5176 0.33823 0.33823 1 1 
13.5275 0.338413 0.338413 1 1 
13.5375 0.338596 0.338596 1 1 
13.5474 0.338779 0.338779 1 1 
13.5573 0.338962 0.338962 1 1 
13.5673 0.339145 0.339145 1 1 
13.5772 0.339328 0.339328 1 1 
13.5871 0.33951 0.33951 1 1 
13.5971 0.339693 0.339693 1 1 
13.607 0.339876 0.339876 1 1 
13.6169 0.340058 0.340058 1 1 
13.6269 0.34024 0.34024 1 1 
13.6368 0.340423 0.340423 1 1 
13.6467 0.340605 0.340605 1 1 
13.6567 0.340787 0.340787 1 1 
13.6666 0.340969 0.340969 1 1 
13.6765 0.341151 0.341151 1 1 
13.6865 0.341333 0.341333 1 1 
13.6964 0.341515 0.341515 1 1 
13.7063 0.341697 0.341697 1 1 
13.7163 0.341879 0.341879 1 1 
13.7262 0.342061 0.342061 1 1 
13.7361 0.342242 0.342242 1 1 
13.7461 0.342424 0.342424 1 1 
13.756 0.342606 0.342606 1 1 
13.7659 0.342787 0.342787 1 1 
13.7759 0.342969 0.342969 1 1 
13.7858 0.34315 0.34315 1 1 
13.7957 0.343331 0.343331 1 1 
13.8056 0.343512 0.343512 1 1 
13.8156 0.343693 0.343693 1 1 
13.8255 0.343875 0.343875 1 1 
13.8354 0.344056 0.344056 1 1 
13.8454 0.344236 0.344236 1 1 
13.8553 0.344417 0.344417 1 1 
13.8652 0.344598 0.344598 1 1 
13.8752 0.344779 0.344779 1 1 
13.8851 0.34496 0.34496 1 1 
13.895 0.34514 0.34514 1 1 
13.905 0.345321 0.345321 1 1 
13.9149 0.345501 0.345501 1 1 
13.9248 0.345682 0.345682 1 1 
13.9348 0.345862 0.345862 1 1 
13.9447 0.346042 0.346042 1 1 
13.9546 0.346222 0.346222 1 1 
13.9646 0.346403 0.346403 1 1 
13.9745 0.346583 0.346583 1 1 
13.9844 0.346763 0.346763 1 1 
13.9944 0.346943 0.346943 1 1 
14.0043 0.347122 0.347122 1 1 
14.0142 0.347302 0.347302 1 1 
14.0242 0.347482 0.347482 1 1 
14.0341 0.347662 0.347662 1 1 
14.044 0.347841 0.347841 1 1 
14.0539 0.348021 0.348021 1 1 
14.0639 0.3482 0.3482 1 1 
14.0738 0.34838 0.34838 1 1 
14.0837 0.348559 0.348559 1 1 
14.0937 0.348738 0.348738 1 1 
14.1036 0.348918 0.348918 1 1 
14.1135 0.349097 0.349097 1 1 
14.1235 0.349276 0.349276 1 1 
14.1334 0.349455 0.349455 1 1 
14.1433 0.349634 0.349634 1 1 
14.1533 0.349813 0.349813 1 1 
14.1632 0.349991 0.349991 1 1 
14.1731 0.35017 0.35017 1 1 
14.1831 0.350349 0.350349 1 1 
14.193 0.350528 0.350528 1 1 
14.2029 0.350706 0.350706 1 1 
14.2128 0.350885 0.350885 1 1 
14.2228 0.351063 0.351063 1 1 
14.2327 0.351241 0.351241 1 1 
14.2426 0.35142 0.35142 1 1 
14.2526 0.351598 0.351598 1 1 
14.2625 0.351776 0.351776 1 1 
14.2724 0.351954 0.351954 1 1 
14.2824 0.352132 0.352132 1 1 
14.2923 0.35231 0.35231 1 1 
14.3022 0.352488 0.352488 1 1 
14.3121 0.352666 0.352666 1 1 
14.3221 0.352844 0.352844 1 1 
14.332 0.353021 0.353021 1 1 
14.3419 0.353199 0.353199 1 1 
14.3519 0.353377 0.353377 1 1 
14.3618 0.353554 0.353554 1 1 
14.3717 0.353732 0.353732 1 1 
14.3817 0.353909 0.353909 1 1 
14.3916 0.354086 0.354086 1 1 
14.4015 0.354264 0.354264 1 1 
14.4115 0.354441 0.354441 1 1 
14.4214 0.354618 0.354618 1 1 
14.4313 0.354795 0.354795 1 1 
14.4412 0.354972 0.354972 1 1 
14.4512 0.355149 0.355149 1 1 
14.4611 0.355326 0.355326 1 1 
14.471 0.355502 0.355502 1 1 
14.481 0.355679 0.355679 1 1 
14.4909 0.355856 0.355856 1 1 
14.5008 0.356032 0.356032 1 1 
14.5107 0.356209 0.356209 1 1 
14.5207 0.356385 0.356385 1 1 
14.5306 0.356562 0.356562 1 1 
14.5405 0.356738 0.356738 1 1 
14.5505 0.356914 0.356914 1 1 
14.5604 0.357091 0.357091 1 1 
14.5703 0.357267 0.357267 1 1 
14.5803 0.357443 0.357443 1 1 
14.5902 0.357619 0.357619 1 1 
14.6001 0.357795 0.357795 1 1 
14.61 0.357971 0.357971 1 1 
14.62 0.358147 0.358147 1 1 
14.6299 0.358322 0.358322 1 1 
14.6398 0.358498 0.358498 1 1 
14.6498 0.358674 0.358674 1 1 
14.6597 0.358849 0.358849 1 1 
14.6696 0.359025 0.359025 1 1 
14.6795 0.3592 0.3592 1 1 
14.6895 0.359376 0.359376 1 1 
14.6994 0.359551 0.359551 1 1 
14.7093 0.359726 0.359726 1 1 
14.7193 0.359901 0.359901 1 1 
14.7292 0.360076 0.360076 1 1 
14.7391 0.360251 0.360251 1 1 
14.749 0.360426 0.360426 1 1 
14.759 0.360601 0.360601 1 1 
14.7689 0.360776 0.360776 1 1 
14.7788 0.360951 0.360951 1 1 
14.7888 0.361126 0.361126 1 1 
14.7987 0.3613 0.3613 1 1 
14.8086 0.361475 0.361475 1 1 
14.8185 0.36165 0.36165 1 1 
14.8285 0.361824 0.361824 1 1 
14.8384 0.361998 0.361998 1 1 
14.8483 0.362173 0.362173 1 1 
14.8583 0.362347 0.362347 1 1 
14.8682 0.362521 0.362521 1 1 
14.8781 0.362695 0.362695 1 1 
14.888 0.362869 0.362869 1 1 
14.898 0.363043 0.363043 1 1 
14.9079 0.363217 0.363217 1 1 
14.9178 0.363391 0.363391 1 1 
14.9278 0.363565 0.363565 1 1 
14.9377 0.363739 0.363739 1 1 
14.9476 0.363913 0.363913 1 1 
14.9575 0.364086 0.364086 1 1 
14.9675 0.36426 0.36426 1 1 
14.9774 0.364433 0.364433 1 1 
14.9873 0.364607 0.364607 1 1 
14.9973 0.36478 0.36478 1 1 
15.0072 0.364953 0.364953 1 1 
15.0171 0.365127 0.365127 1 1 
15.027 0.3653 0.3653 1 1 
15.037 0.365473 0.365473 1 1 
15.0469 0.365646 0.365646 1 1 
15.0568 0.365819 0.365819 1 1 
15.0667 0.365992 0.365992 1 1 
15.0767 0.366165 0.366165 1 1 
15.0866 0.366338 0.366338 1 1 
15.0965 0.366511 0.366511 1 1 
15.1065 0.366683 0.366683 1 1 
15.1164 0.366856 0.366856 1 1 
15.1263 0.367028 0.367028 1 1 
15.1362 0.367201 0.367201 1 1 
15.1462 0.367373 0.367373 1 1 
15.1561 0.367546 0.367546 1 1 
15.166 0.367718 0.367718 1 1 
15.1759 0.36789 0.36789 1 1 
15.1859 0.368062 0.368062 1 1 
15.1958 0.368234 0.368234 1 1 
15.2057 0.368407 0.368407 1 1 
15.2156 0.368579 0.368579 1 1 
15.2256 0.36875 0.36875 1 1 
15.2355 0.368922 0.368922 1 1 
15.2454 0.369094 0.369094 1 1 
15.2554 0.369266 0.369266 1 1 
15.2653 0.369437 0.369437 1 1 
15.2752 0.369609 0.369609 1 1 
15.2851 0.369781 0.369781 1 1 
15.2951 0.369952 0.369952 1 1 
15.305 0.370124 0.370124 1 1 
15.3149 0.370295 0.370295 1 1 
15.3248 0.370466 0.370466 1 1 
15.3348 0.370637 0.370637 1 1 
15.3447 0.370809 0.370809 1 1 
15.3546 0.37098 0.37098 1 1 
15.3645 0.371151 0.371151 1 1 
15.3745 0.371322 0.371322 1 1 
15.3844 0.371493 0.371493 1 1 
15.3943 0.371663 0.371663 1 1 
15.4042 0.371834 0.371834 1 1 
15.4142 0.372005 0.372005 1 1 
15.4241 0.372176 0.372176 1 1 
15.434 0.372346 0.372346 1 1 
15.4439 0.372517 0.372517 1 1 
15.4539 0.372687 0.372687 1 1 
15.4638 0.372858 0.372858 1 1 
15.4737 0.373028 0.373028 1 1 
15.4836 0.373198 0.373198 1 1 
15.4936 0.373368 0.373368 1 1 
15.5035 0.373539 0.373539 1 1 
15.5134 0.373709 0.373709 1 1 
15.5233 0.373879 0.373879 1 1 
15.5333 0.374049 0.374049 1 1 
15.5432 0.374219 0.374219 1 1 
15.5531 0.374388 0.374388 1 1 
15.563 0.374558 0.374558 1 1 
15.573 0.374728 0.374728 1 1 
15.5829 0.374898 0.374898 1 1 
15.5928 0.375067 0.375067 1 1 
15.6027 0.375237 0.375237 1 1 
15.6127 0.375406 0.375406 1 1 
15.6226 0.375576 0.375576 1 1 
15.6325 0.375745 0.375745 1 1 
15.6424 0.375914 0.375914 1 1 
15.6524 0.376083 0.376083 1 1 
15.6623 0.376253 0.376253 1 1 
15.6722 0.376422 0.376422 1 1 
15.6821 0.376591 0.376591 1 1 
15.6921 0.37676 0.37676 1 1 
15.702 0.376929 0.376929 1 1 
15.7119 0.377097 0.377097 1 1 
15.7218 0.377266 0.377266 1 1 
15.7318 0.377435 0.377435 1 1 
15.7417 0.377604 0.377604 1 1 
15.7516 0.377772 0.377772 1 1 
15.7615 0.377941 0.377941 1 1 
15.7715 0.378109 0.378109 1 1 
15.7814 0.378278 0.378278 1 1 
15.7913 0.378446 0.378446 1 1 
15.8012 0.378614 0.378614 1 1 
15.8112 0.378783 0.378783 1 1 
15.8163 0.378869 0.378869 2 1 
15.8262 0.379037 0.379037 2 1 
15.8361 0.379205 0.379205 2 1 
15.846 0.379373 0.379373 2 1 
15.856 0.379541 0.379541 2 1 
15.8659 0.379709 0.379709 2 1 
15.8758 0.379877 0.379877 2 1 
15.8857 0.380045 0.380045 2 1 
15.8957 0.380213 0.380213 2 1 
15.9056 0.38038 0.38038 2 1 
15.9155 0.380548 0.380548 2 1 
15.9254 0.380715 0.380715 2 1 
15.9354 0.380883 0.380883 2 1 
15.9453 0.38105 0.38105 2 1 
15.9552 0.381217 0.381217 2 1 
15.9651 0.381385 0.381385 2 1 
15.975 0.381552 0.381552 2 1 
15.985 0.381719 0.381719 2 1 
15.9949 0.381886 0.381886 2 1 
16.0048 0.382053 0.382053 2 1 
16.0147 0.38222 0.38222 2 1 
16.0247 0.382387 0.382387 2 1 
16.0346 0.382554 0.382554 2 1 
16.0445 0.382721 0.382721 2 1 
16.0544 0.382887 0.382887 2 1 
16.0643 0.383054 0.383054 2 1 
16.0743 0.38322 0.38322 2 1 
16.0842 0.383387 0.383387 2 1 
16.0941 0.383553 0.383553 2 1 
16.104 0.38372 0.38372 2 1 
16.114 0.383886 0.383886 2 1 
16.1239 0.384052 0.384052 2 1 
16.1338 0.384219 0.384219 2 1 
16.1437 0.384385 0.384385 2 1 
16.1536 0.384551 0.384551 2 1 
16.1636 0.384717 0.384717 2 1 
16.1735 0.384883 0.384883 2 1 
16.1834 0.385049 0.385049 2 1 
16.1933 0.385215 0.385215 2 1 
16.2033 0.38538 0.38538 2 1 
16.2132 0.385546 0.385546 2 1 
16.2231 0.385712 0.385712 2 1 
16.233 0.385877 0.385877 2 1 
16.2429 0.386043 0.386043 2 1 
16.2529 0.386208 0.386208 2 1 
16.2628 0.386374 0.386374 2 1 
16.2727 0.386539 0.386539 2 1 
16.2826 0.386705 0.386705 2 1 
16.2926 0.38687 0.38687 2 1 
16.3025 0.387035 0.387035 2 1 
16.3124 0.3872 0.3872 2 1 
16.3223 0.387365 0.387365 2 1 
16.3322 0.38753 0.38753 2 1 
16.3422 0.387695 0.387695 2 1 
16.3521 0.38786 0.38786 2 1 
16.362 0.388025 0.388025 2 1 
16.3719 0.388189 0.388189 2 1 
16.3818 0.388354 0.388354 2 1 
16.3918 0.388519 0.388519 2 1 
16.4017 0.388683 0.388683 2 1 
16.4116 0.388848 0.388848 2 1 
16.4215 0.389012 0.389012 2 1 
16.4314 0.389177 0.389177 2 1 
16.4414 0.389341 0.389341 2 1 
16.4513 0.389505 0.389505 2 1 
16.4612 0.389669 0.389669 2 1 
16.4711 0.389833 0.389833 2 1 
16.481 0.389998 0.389998 2 1 
16.491 0.390162 0.390162 2 1 
16.5009 0.390325 0.390325 2 1 
16.5108 0.390489 0.390489 2 1 
16.5207 0.390653 0.390653 2 1 
16.5306 0.390817 0.390817 2 1 
16.5406 0.390981 0.390981 2 1 
16.5505 0.391144 0.391144 2 1 
16.5604 0.391308 0.391308 2 1 
16.5703 0.391471 0.391471 2 1 
16.5802 0.391635 0.391635 2 1 
16.5902 0.391798 0.391798 2 1 
16.6001 0.391962 0.391962 2 1 
16.61 0.392125 0.392125 2 1 
16.6199 0.392288 0.392288 2 1 
16.6298 0.392451 0.392451 2 1 
16.6398 0.392614 0.392614 2 1 
16.6497 0.392777 0.392777 2 1 
16.6596 0.39294 0.39294 2 1 
16.6695 0.393103 0.393103 2 1 
16.6794 0.393266 0.393266 2 1 
16.6894 0.393429 0.393429 2 1 
16.6993 0.393592 0.393592 2 1 
16.7092 0.393754 0.393754 2 1 
16.7191 0.393917 0.393917 2 1 
16.729 0.39408 0.39408 2 1 
16.7389 0.394242 0.394242 2 1 
16.7489 0.394405 0.394405 2 1 
16.7588 0.394567 0.394567 2 1 
16.7687 0.394729 0.394729 2 1 
16.7786 0.394891 0.394891 2 1 
16.7885 0.395054 0.395054 2 1 
16.7985 0.395216 0.395216 2 1 
16.8084 0.395378 0.395378 2 1 
16.8183 0.39554 0.39554 2 1 
16.8282 0.395702 0.395702 2 1 
16.8381 0.395864 0.395864 2 1 
16.8481 0.396026 0.396026 2 1 
16.858 0.396187 0.396187 2 1 
16.8679 0.396349 0.396349 2 1 
16.8778 0.396511 0.396511 2 1 
16.8877 0.396672 0.396672 2 1 
16.8976 0.396834 0.396834 2 1 
16.9076 0.396995 0.396995 2 1 
16.9175 0.397157 0.397157 2 1 
16.9274 0.397318 0.397318 2 1 
16.9373 0.397479 0.397479 2 1 
16.9472 0.397641 0.397641 2 1 
16.9571 0.397802 0.397802 2 1 
16.9671 0.397963 0.397963 2 1 
16.977 0.398124 0.398124 2 1 
16.9869 0.398285 0.398285 2 1 
16.9968 0.398446 0.398446 2 1 
17.0067 0.398607 0.398607 2 1 
17.0167 0.398767 0.398767 2 1 
17.0266 0.398928 0.398928 2 1 
17.0365 0.399089 0.399089 2 1 
17.0464 0.399249 0.399249 2 1 
17.0563 0.39941 0.39941 2 1 
17.0662 0.399571 0.399571 2 1 
17.0762 0.399731 0.399731 2 1 
17.0861 0.399891 0.399891 2 1 
17.096 0.400052 0.400052 2 1 
17.1059 0.400212 0.400212 2 1 
17.1158 0.400372 0.400372 2 1 
17.1257 0.400532 0.400532 2 1 
17.1357 0.400692 0.400692 2 1 
17.1456 0.400852 0.400852 2 1 
17.1555 0.401012 0.401012 2 1 
17.1654 0.401172 0.401172 2 1 
17.1753 0.401332 0.401332 2 1 
17.1852 0.401492 0.401492 2 1 
17.1951 0.401652 0.401652 2 1 
17.2051 0.401811 0.401811 2 1 
17.215 0.401971 0.401971 2 1 
17.2249 0.402131 0.402131 2 1 
17.2348 0.40229 0.40229 2 1 
17.2447 0.402449 0.402449 2 1 
17.2546 0.402609 0.402609 2 1 
17.2646 0.402768 0.402768 2 1 
17.2745 0.402927 0.402927 2 1 
17.2844 0.403087 0.403087 2 1 
17.2943 0.403246 0.403246 2 1 
17.3042 0.403405 0.403405 2 1 
17.3141 0.403564 0.403564 2 1 
17.3241 0.403723 0.403723 2 1 
17.334 0.403882 0.403882 2 1 
17.3439 0.404041 0.404041 2 1 
17.3538 0.404199 0.404199 2 1 
17.3637 0.404358 0.404358 2 1 
17.3736 0.404517 0.404517 2 1 
17.3835 0.404675 0.404675 2 1 
17.3935 0.404834 0.404834 2 1 
17.4034 0.404992 0.404992 2 1 
17.4133 0.405151 0.405151 2 1 
17.4232 0.405309 0.405309 2 1 
17.4331 0.405467 0.405467 2 1 
17.443 0.405626 0.405626 2 1 
17.4529 0.405784 0.405784 2 1 
17.4629 0.405942 0.405942 2 1 
17.4728 0.4061 0.4061 2 1 
17.4827 0.406258 0.406258 2 1 
17.4926 0.406416 0.406416 2 1 
17.5025 0.406574 0.406574 2 1 
17.5124 0.406732 0.406732 2 1 
17.5223 0.406889 0.406889 2 1 
17.5323 0.407047 0.407047 2 1 
17.5422 0.407205 0.407205 2 1 
17.5521 0.407362 0.407362 2 1 
17.562 0.40752 0.40752 2 1 
17.5719 0.407677 0.407677 2 1 
17.5818 0.407835 0.407835 2 1 
17.5917 0.407992 0.407992 2 1 
17.6017 0.408149 0.408149 2 1 
17.6116 0.408307 0.408307 2 1 
17.6215 0.408464 0.408464 2 1 
17.6314 0.408621 0.408621 2 1 
17.6413 0.408778 0.408778 2 1 
17.6512 0.408935 0.408935 2 1 
17.6611 0.409092 0.409092 2 1 
17.671 0.409249 0.409249 2 1 
17.681 0.409406 0.409406 2 1 
17.6909 0.409562 0.409562 2 1 
17.7008 0.409719 0.409719 2 1 
17.7107 0.409876 0.409876 2 1 
17.7206 0.410032 0.410032 2 1 
17.7305 0.410189 0.410189 2 1 
17.7404 0.410345 0.410345 2 1 
17.7503 0.410502 0.410502 2 1 
17.7603 0.410658 0.410658 2 1 
17.7702 0.410814 0.410814 2 1 
17.7801 0.410971 0.410971 2 1 
17.79 0.411127 0.411127 2 1 
17.7999 0.411283 0.411283 2 1 
17.8098 0.411439 0.411439 2 1 
17.8197 0.411595 0.411595 2 1 
17.8296 0.411751 0.411751 2 1 
17.8396 0.411907 0.411907 2 1 
17.8495 0.412063 0.412063 2 1 
17.8594 0.412218 0.412218 2 1 
17.8693 0.412374 0.412374 2 1 
17.8792 0.41253 0.41253 2 1 
17.8891 0.412685 0.412685 2 1 
17.899 0.412841 0.412841 2 1 
17.9089 0.412996 0.412996 2 1 
17.9188 0.413152 0.413152 2 1 
17.9288 0.413307 0.413307 2 1 
17.9387 0.413462 0.413462 2 1 
17.9486 0.413618 0.413618 2 1 
17.9585 0.413773 0.413773 2 1 
17.9684 0.413928 0.413928 2 1 
17.9783 0.414083 0.414083 2 1 
17.9882 0.414238 0.414238 2 1 
17.9981 0.414393 0.414393 2 1 
18.008 0.414548 0.414548 2 1 
