0 2.8026e-45 2.8026e-45 2 1 
0.0399856 1.47132e-05 1.47132e-05 1 1 
0.0499764 3.12826e-05 3.12826e-05 1 1 
0.0599679 5.94804e-05 5.94804e-05 1 1 
0.0699633 0.000103732 0.000103732 1 1 
0.0799627 0.000167262 0.000167262 1 1 
0.0899609 0.000249973 0.000249973 1 1 
0.0999517 0.000348601 0.000348601 1 1 
0.109932 0.000458872 0.000458872 1 1 
0.119902 0.000577174 0.000577174 1 1 
0.129863 0.000700968 0.000700968 1 1 
0.139817 0.000828614 0.000828614 1 1 
0.149765 0.000959026 0.000959026 1 1 
0.159709 0.00109151 0.00109151 1 1 
0.16965 0.0012256 0.0012256 1 1 
0.179588 0.00136098 0.00136098 1 1 
0.189524 0.00149744 0.00149744 1 1 
0.199459 0.00163481 0.00163481 1 1 
0.209392 0.00177298 0.00177298 1 1 
0.219324 0.00191187 0.00191187 1 1 
0.229255 0.0020514 0.0020514 1 1 
0.239185 0.00219153 0.00219153 1 1 
0.249115 0.00233222 0.00233222 1 1 
0.259044 0.00247344 0.00247344 1 1 
0.268973 0.00261517 0.00261517 1 1 
0.278901 0.00275737 0.00275737 1 1 
0.288829 0.00290005 0.00290005 1 1 
0.298757 0.00304318 0.00304318 1 1 
0.308685 0.00318674 0.00318674 1 1 
0.318612 0.00333075 0.00333075 1 1 
0.328539 0.00347517 0.00347517 1 1 
0.338467 0.00362002 0.00362002 1 1 
0.348394 0.00376527 0.00376527 1 1 
0.358321 0.00391094 0.00391094 1 1 
0.368248 0.004057 0.004057 1 1 
0.378174 0.00420346 0.00420346 1 1 
0.388101 0.00435032 0.00435032 1 1 
0.398028 0.00449758 0.00449758 1 1 
0.407955 0.00464522 0.00464522 1 1 
0.417882 0.00479325 0.00479325 1 1 
0.427808 0.00494166 0.00494166 1 1 
0.437735 0.00509046 0.00509046 1 1 
0.447662 0.00523964 0.00523964 1 1 
0.457588 0.00538921 0.00538921 1 1 
0.467515 0.00553915 0.00553915 1 1 
0.477442 0.00568947 0.00568947 1 1 
0.487369 0.00584017 0.00584017 1 1 
0.497296 0.00599124 0.00599124 1 1 
0.507222 0.00614269 0.00614269 1 1 
0.517149 0.00629451 0.00629451 1 1 
0.527076 0.00644671 0.00644671 1 1 
0.537003 0.00659929 0.00659929 1 1 
0.54693 0.00675223 0.00675223 1 1 
0.556857 0.00690555 0.00690555 1 1 
0.566784 0.00705923 0.00705923 1 1 
0.570751 0.00712076 0.00712076 2 1 
0.580679 0.00727496 0.00727496 2 1 
0.590606 0.00742954 0.00742954 2 1 
0.600533 0.00758449 0.00758449 2 1 
0.61046 0.00773981 0.00773981 2 1 
0.620388 0.0078955 0.0078955 2 1 
0.630315 0.00805155 0.00805155 2 1 
0.640243 0.00820798 0.00820798 2 1 
0.65017 0.00836477 0.00836477 2 1 
0.660098 0.00852194 0.00852194 2 1 
0.670025 0.00867947 0.00867947 2 1 
0.679953 0.00883736 0.00883736 2 1 
0.689881 0.00899563 0.00899563 2 1 
0.699808 0.00915426 0.00915426 2 1 
0.709736 0.00931326 0.00931326 2 1 
0.719664 0.00947263 0.00947263 2 1 
0.729592 0.00963236 0.00963236 2 1 
0.73952 0.00979246 0.00979246 2 1 
0.749448 0.00995293 0.00995293 2 1 
0.759376 0.0101138 0.0101138 2 1 
0.769304 0.010275 0.010275 2 1 
0.779233 0.0104365 0.0104365 2 1 
0.789161 0.0105985 0.0105985 2 1 
0.799089 0.0107608 0.0107608 2 1 
0.809018 0.0109234 0.0109234 2 1 
0.818946 0.0110865 0.0110865 2 1 
0.828875 0.0112498 0.0112498 2 1 
0.838803 0.0114136 0.0114136 2 1 
0.848732 0.0115777 0.0115777 2 1 
0.858661 0.0117422 0.0117422 2 1 
0.86859 0.0119071 0.0119071 2 1 
0.878518 0.0120723 0.0120723 2 1 
0.888447 0.0122379 0.0122379 2 1 
0.898376 0.0124038 0.0124038 2 1 
0.908305 0.0125702 0.0125702 2 1 
0.918234 0.0127368 0.0127368 2 1 
0.928164 0.0129039 0.0129039 2 1 
0.938093 0.0130713 0.0130713 2 1 
0.948022 0.0132391 0.0132391 2 1 
0.957951 0.0134072 0.0134072 2 1 
0.967881 0.0135757 0.0135757 2 1 
0.97781 0.0137446 0.0137446 2 1 
0.98774 0.0139138 0.0139138 2 1 
0.997669 0.0140834 0.0140834 2 1 
1.0076 0.0142534 0.0142534 2 1 
1.01753 0.0144237 0.0144237 2 1 
1.02746 0.0145944 0.0145944 2 1 
1.03739 0.0147654 0.0147654 2 1 
1.04732 0.0149369 0.0149369 2 1 
1.05725 0.0151087 0.0151087 2 1 
1.06718 0.0152808 0.0152808 2 1 
1.07711 0.0154533 0.0154533 2 1 
1.08704 0.0156262 0.0156262 2 1 
1.09697 0.0157994 0.0157994 2 1 
1.1069 0.015973 0.015973 2 1 
1.11683 0.016147 0.016147 2 1 
1.12676 0.0163213 0.0163213 2 1 
1.13669 0.016496 0.016496 2 1 
1.14662 0.0166711 0.0166711 2 1 
1.15655 0.0168465 0.0168465 2 1 
1.16648 0.0170223 0.0170223 2 1 
1.17641 0.0171985 0.0171985 2 1 
1.18634 0.017375 0.017375 2 1 
1.19627 0.0175519 0.0175519 2 1 
1.2062 0.0177291 0.0177291 2 1 
1.21613 0.0179067 0.0179067 2 1 
1.22607 0.0180847 0.0180847 2 1 
1.236 0.018263 0.018263 2 1 
1.24593 0.0184417 0.0184417 2 1 
1.25586 0.0186208 0.0186208 2 1 
1.26579 0.0188002 0.0188002 2 1 
1.27572 0.01898 0.01898 2 1 
1.28565 0.0191602 0.0191602 2 1 
1.29558 0.0193407 0.0193407 2 1 
1.30552 0.0195216 0.0195216 2 1 
1.31545 0.0197029 0.0197029 2 1 
1.32538 0.0198845 0.0198845 2 1 
1.33531 0.0200665 0.0200665 2 1 
1.34524 0.0202488 0.0202488 2 1 
1.35517 0.0204315 0.0204315 2 1 
1.3651 0.0206146 0.0206146 2 1 
1.37504 0.020798 0.020798 2 1 
1.38497 0.0209818 0.0209818 2 1 
1.3949 0.021166 0.021166 2 1 
1.40483 0.0213505 0.0213505 2 1 
1.41476 0.0215354 0.0215354 2 1 
1.4247 0.0217207 0.0217207 2 1 
1.43463 0.0219063 0.0219063 2 1 
1.44456 0.0220923 0.0220923 2 1 
1.45449 0.0222786 0.0222786 2 1 
1.46442 0.0224653 0.0224653 2 1 
1.47436 0.0226524 0.0226524 2 1 
1.48429 0.0228398 0.0228398 2 1 
1.49422 0.0230276 0.0230276 2 1 
1.50415 0.0232158 0.0232158 2 1 
1.51409 0.0234044 0.0234044 2 1 
1.52402 0.0235933 0.0235933 2 1 
1.53395 0.0237825 0.0237825 2 1 
1.54388 0.0239721 0.0239721 2 1 
1.55382 0.0241621 0.0241621 2 1 
1.56375 0.0243525 0.0243525 2 1 
1.57368 0.0245432 0.0245432 2 1 
1.58362 0.0247343 0.0247343 2 1 
1.59355 0.0249257 0.0249257 2 1 
1.60348 0.0251176 0.0251176 2 1 
1.61341 0.0253097 0.0253097 2 1 
1.62335 0.0255023 0.0255023 2 1 
1.63328 0.0256952 0.0256952 2 1 
1.64321 0.0258885 0.0258885 2 1 
1.65315 0.0260821 0.0260821 2 1 
1.66308 0.0262761 0.0262761 2 1 
1.67301 0.0264705 0.0264705 2 1 
1.68295 0.0266652 0.0266652 2 1 
1.69288 0.0268603 0.0268603 2 1 
1.70281 0.0270558 0.0270558 2 1 
1.71275 0.0272516 0.0272516 2 1 
1.72268 0.0274478 0.0274478 2 1 
1.73261 0.0276443 0.0276443 2 1 
1.74255 0.0278413 0.0278413 2 1 
1.75248 0.0280385 0.0280385 2 1 
1.76242 0.0282362 0.0282362 2 1 
1.77235 0.0284342 0.0284342 2 1 
1.78228 0.0286326 0.0286326 2 1 
1.79222 0.0288313 0.0288313 2 1 
1.80215 0.0290304 0.0290304 2 1 
1.81208 0.0292299 0.0292299 2 1 
1.82202 0.0294298 0.0294298 2 1 
1.83195 0.02963 0.02963 2 1 
1.84189 0.0298305 0.0298305 2 1 
1.85182 0.0300315 0.0300315 2 1 
1.86176 0.0302328 0.0302328 2 1 
1.87169 0.0304345 0.0304345 2 1 
1.88162 0.0306365 0.0306365 2 1 
1.89156 0.0308389 0.0308389 2 1 
1.90149 0.0310417 0.0310417 2 1 
1.91143 0.0312448 0.0312448 2 1 
1.92136 0.0314483 0.0314483 2 1 
1.9313 0.0316521 0.0316521 2 1 
1.94123 0.0318564 0.0318564 2 1 
1.95117 0.032061 0.032061 2 1 
1.9611 0.0322659 0.0322659 2 1 
1.97103 0.0324712 0.0324712 2 1 
1.98097 0.0326769 0.0326769 2 1 
1.9909 0.032883 0.032883 2 1 
2.00084 0.0330894 0.0330894 2 1 
2.01077 0.0332962 0.0332962 2 1 
2.02071 0.0335034 0.0335034 2 1 
2.03064 0.0337109 0.0337109 2 1 
2.04058 0.0339188 0.0339188 2 1 
2.05051 0.034127 0.034127 2 1 
2.06045 0.0343356 0.0343356 2 1 
2.07038 0.0345446 0.0345446 2 1 
2.08032 0.034754 0.034754 2 1 
2.09025 0.0349637 0.0349637 2 1 
2.10019 0.0351738 0.0351738 2 1 
2.11013 0.0353842 0.0353842 2 1 
2.12006 0.0355951 0.0355951 2 1 
2.13 0.0358062 0.0358062 2 1 
2.13993 0.0360178 0.0360178 2 1 
2.14987 0.0362297 0.0362297 2 1 
2.1598 0.036442 0.036442 2 1 
2.16974 0.0366547 0.0366547 2 1 
2.17967 0.0368677 0.0368677 2 1 
2.18961 0.0370811 0.0370811 2 1 
2.19955 0.0372948 0.0372948 2 1 
2.20948 0.0375089 0.0375089 2 1 
2.21942 0.0377234 0.0377234 2 1 
2.22935 0.0379383 0.0379383 2 1 
2.23929 0.0381535 0.0381535 2 1 
2.24922 0.0383691 0.0383691 2 1 
2.25916 0.038585 0.038585 2 1 
2.2691 0.0388014 0.0388014 2 1 
2.27903 0.0390181 0.0390181 2 1 
2.28897 0.0392351 0.0392351 2 1 
2.2989 0.0394525 0.0394525 2 1 
2.30884 0.0396703 0.0396703 2 1 
2.31878 0.0398885 0.0398885 2 1 
2.32871 0.040107 0.040107 2 1 
2.33865 0.0403259 0.0403259 2 1 
2.34859 0.0405452 0.0405452 2 1 
2.35852 0.0407648 0.0407648 2 1 
2.36846 0.0409848 0.0409848 2 1 
2.37839 0.0412052 0.0412052 2 1 
2.38833 0.0414259 0.0414259 2 1 
2.39827 0.041647 0.041647 2 1 
2.4082 0.0418685 0.0418685 2 1 
2.41814 0.0420904 0.0420904 2 1 
2.42808 0.0423126 0.0423126 2 1 
2.43801 0.0425351 0.0425351 2 1 
2.44795 0.0427581 0.0427581 2 1 
2.45789 0.0429814 0.0429814 2 1 
2.46782 0.0432051 0.0432051 2 1 
2.47776 0.0434292 0.0434292 2 1 
2.4877 0.0436536 0.0436536 2 1 
2.49763 0.0438784 0.0438784 2 1 
2.50757 0.0441035 0.0441035 2 1 
2.51751 0.0443291 0.0443291 2 1 
2.52744 0.044555 0.044555 2 1 
2.53738 0.0447812 0.0447812 2 1 
2.54732 0.0450079 0.0450079 2 1 
2.55726 0.0452349 0.0452349 2 1 
2.56719 0.0454622 0.0454622 2 1 
2.57713 0.04569 0.04569 2 1 
2.58707 0.0459181 0.0459181 2 1 
2.597 0.0461466 0.0461466 2 1 
2.60694 0.0463754 0.0463754 2 1 
2.61688 0.0466046 0.0466046 2 1 
2.62682 0.0468342 0.0468342 2 1 
2.63675 0.0470642 0.0470642 2 1 
2.64669 0.0472945 0.0472945 2 1 
2.65663 0.0475252 0.0475252 2 1 
2.66657 0.0477563 0.0477563 2 1 
2.6765 0.0479877 0.0479877 2 1 
2.68644 0.0482196 0.0482196 2 1 
2.69638 0.0484517 0.0484517 2 1 
2.70632 0.0486843 0.0486843 2 1 
2.71625 0.0489172 0.0489172 2 1 
2.72619 0.0491505 0.0491505 2 1 
2.73613 0.0493842 0.0493842 2 1 
2.74607 0.0496182 0.0496182 2 1 
2.756 0.0498526 0.0498526 2 1 
2.76594 0.0500874 0.0500874 2 1 
2.77588 0.0503225 0.0503225 2 1 
2.78582 0.0505581 0.0505581 2 1 
2.79576 0.0507939 0.0507939 2 1 
2.80569 0.0510302 0.0510302 2 1 
2.81563 0.0512668 0.0512668 2 1 
2.82557 0.0515038 0.0515038 2 1 
2.83551 0.0517412 0.0517412 2 1 
2.84545 0.051979 0.051979 2 1 
2.85538 0.0522171 0.0522171 2 1 
2.86532 0.0524556 0.0524556 2 1 
2.87526 0.0526944 0.0526944 2 1 
2.8852 0.0529336 0.0529336 2 1 
2.89514 0.0531732 0.0531732 2 1 
2.90508 0.0534132 0.0534132 2 1 
2.91501 0.0536536 0.0536536 2 1 
2.92495 0.0538943 0.0538943 2 1 
2.93489 0.0541354 0.0541354 2 1 
2.94483 0.0543768 0.0543768 2 1 
2.95477 0.0546187 0.0546187 2 1 
2.96471 0.0548609 0.0548609 2 1 
2.97464 0.0551035 0.0551035 2 1 
2.98458 0.0553464 0.0553464 2 1 
2.99452 0.0555897 0.0555897 2 1 
3.00446 0.0558334 0.0558334 2 1 
3.0144 0.0560775 0.0560775 2 1 
3.02434 0.0563219 0.0563219 2 1 
3.03428 0.0565668 0.0565668 2 1 
3.04421 0.0568119 0.0568119 2 1 
3.05415 0.0570575 0.0570575 2 1 
3.06409 0.0573034 0.0573034 2 1 
3.07403 0.0575497 0.0575497 2 1 
3.08397 0.0577964 0.0577964 2 1 
3.09391 0.0580435 0.0580435 2 1 
3.10385 0.0582909 0.0582909 2 1 
3.11379 0.0585387 0.0585387 2 1 
3.12372 0.0587869 0.0587869 2 1 
3.13366 0.0590354 0.0590354 2 1 
3.1436 0.0592844 0.0592844 2 1 
3.15354 0.0595337 0.0595337 2 1 
3.16348 0.0597833 0.0597833 2 1 
3.17342 0.0600334 0.0600334 2 1 
3.18336 0.0602838 0.0602838 2 1 
3.1933 0.0605346 0.0605346 2 1 
3.20324 0.0607857 0.0607857 2 1 
3.21318 0.0610373 0.0610373 2 1 
3.22312 0.0612892 0.0612892 2 1 
3.23305 0.0615415 0.0615415 2 1 
3.24299 0.0617942 0.0617942 2 1 
3.25293 0.0620472 0.0620472 2 1 
3.26287 0.0623006 0.0623006 2 1 
3.27281 0.0625544 0.0625544 2 1 
3.28275 0.0628086 0.0628086 2 1 
3.29269 0.0630631 0.0630631 2 1 
3.30263 0.063318 0.063318 2 1 
3.31257 0.0635733 0.0635733 2 1 
3.32251 0.063829 0.063829 2 1 
3.33245 0.064085 0.064085 2 1 
3.34239 0.0643414 0.0643414 2 1 
3.35233 0.0645982 0.0645982 2 1 
3.36227 0.0648554 0.0648554 2 1 
3.37221 0.0651129 0.0651129 2 1 
3.38215 0.0653709 0.0653709 2 1 
3.39209 0.0656292 0.0656292 2 1 
3.40203 0.0658878 0.0658878 2 1 
3.41197 0.0661469 0.0661469 2 1 
3.42191 0.0664063 0.0664063 2 1 
3.43185 0.0666661 0.0666661 2 1 
3.44178 0.0669263 0.0669263 2 1 
3.45172 0.0671868 0.0671868 2 1 
3.46166 0.0674478 0.0674478 2 1 
3.4716 0.0677091 0.0677091 2 1 
3.48154 0.0679708 0.0679708 2 1 
3.49148 0.0682328 0.0682328 2 1 
3.50142 0.0684953 0.0684953 2 1 
3.51136 0.0687581 0.0687581 2 1 
3.5213 0.0690213 0.0690213 2 1 
3.53124 0.0692849 0.0692849 2 1 
3.54118 0.0695488 0.0695488 2 1 
3.55112 0.0698131 0.0698131 2 1 
3.56106 0.0700778 0.0700778 2 1 
3.571 0.0703429 0.0703429 2 1 
3.58094 0.0706084 0.0706084 2 1 
3.59089 0.0708742 0.0708742 2 1 
3.60083 0.0711404 0.0711404 2 1 
3.61077 0.071407 0.071407 2 1 
3.62071 0.071674 0.071674 2 1 
3.63065 0.0719413 0.0719413 2 1 
3.64059 0.0722091 0.0722091 2 1 
3.65053 0.0724772 0.0724772 2 1 
3.66047 0.0727457 0.0727457 2 1 
3.67041 0.0730145 0.0730145 2 1 
3.68035 0.0732838 0.0732838 2 1 
3.69029 0.0735534 0.0735534 2 1 
3.70023 0.0738234 0.0738234 2 1 
3.71017 0.0740938 0.0740938 2 1 
3.72011 0.0743645 0.0743645 2 1 
3.73005 0.0746357 0.0746357 2 1 
3.73999 0.0749072 0.0749072 2 1 
3.74993 0.0751791 0.0751791 2 1 
3.75987 0.0754514 0.0754514 2 1 
3.76981 0.075724 0.075724 2 1 
3.77975 0.0759971 0.0759971 2 1 
3.78969 0.0762705 0.0762705 2 1 
3.79963 0.0765443 0.0765443 2 1 
3.80958 0.0768185 0.0768185 2 1 
3.81952 0.077093 0.077093 2 1 
3.82946 0.077368 0.077368 2 1 
3.8394 0.0776433 0.0776433 2 1 
3.84934 0.077919 0.077919 2 1 
3.85928 0.0781951 0.0781951 2 1 
3.86922 0.0784715 0.0784715 2 1 
3.87916 0.0787484 0.0787484 2 1 
3.8891 0.0790256 0.0790256 2 1 
3.89904 0.0793032 0.0793032 2 1 
3.90898 0.0795812 0.0795812 2 1 
3.91892 0.0798596 0.0798596 2 1 
3.92887 0.0801383 0.0801383 2 1 
3.93881 0.0804174 0.0804174 2 1 
3.94875 0.080697 0.080697 2 1 
3.95869 0.0809769 0.0809769 2 1 
3.96863 0.0812571 0.0812571 2 1 
3.97857 0.0815378 0.0815378 2 1 
3.98851 0.0818188 0.0818188 2 1 
3.99845 0.0821003 0.0821003 2 1 
4.00839 0.0823821 0.0823821 2 1 
4.01833 0.0826642 0.0826642 2 1 
4.02828 0.0829468 0.0829468 2 1 
4.03822 0.0832298 0.0832298 2 1 
4.04816 0.0835131 0.0835131 2 1 
4.0581 0.0837968 0.0837968 2 1 
4.06334 0.0839466 0.0839466 2 1 
4.07328 0.0842309 0.0842309 1 1 
4.08322 0.0845156 0.0845156 1 1 
4.09317 0.0848007 0.0848007 1 1 
4.10311 0.0850861 0.0850861 1 1 
4.11305 0.085372 0.085372 1 1 
4.12299 0.0856582 0.0856582 1 1 
4.13293 0.0859448 0.0859448 1 1 
4.14287 0.0862318 0.0862318 1 1 
4.15281 0.0865191 0.0865191 1 1 
4.16276 0.0868069 0.0868069 1 1 
4.1727 0.087095 0.087095 1 1 
4.18264 0.0873836 0.0873836 1 1 
4.19258 0.0876725 0.0876725 1 1 
4.20252 0.0879618 0.0879618 1 1 
4.21246 0.0882514 0.0882514 1 1 
4.2224 0.0885415 0.0885415 1 1 
4.23235 0.088832 0.088832 1 1 
4.24229 0.0891228 0.0891228 1 1 
4.25223 0.089414 0.089414 1 1 
4.26217 0.0897056 0.0897056 1 1 
4.27211 0.0899976 0.0899976 1 1 
4.28205 0.09029 0.09029 1 1 
4.292 0.0905827 0.0905827 1 1 
4.30194 0.0908759 0.0908759 1 1 
4.31188 0.0911694 0.0911694 1 1 
4.32182 0.0914633 0.0914633 1 1 
4.33176 0.0917576 0.0917576 1 1 
4.3417 0.0920523 0.0920523 1 1 
4.35165 0.0923474 0.0923474 1 1 
4.36159 0.0926428 0.0926428 1 1 
4.37153 0.0929387 0.0929387 1 1 
4.38147 0.0932349 0.0932349 1 1 
4.39141 0.0935315 0.0935315 1 1 
4.40136 0.0938285 0.0938285 1 1 
4.4113 0.0941259 0.0941259 1 1 
4.42124 0.0944237 0.0944237 1 1 
4.43118 0.0947219 0.0947219 1 1 
4.44112 0.0950204 0.0950204 1 1 
4.45107 0.0953194 0.0953194 1 1 
4.46101 0.0956187 0.0956187 1 1 
4.47095 0.0959184 0.0959184 1 1 
4.48089 0.0962185 0.0962185 1 1 
4.49083 0.096519 0.096519 1 1 
4.50078 0.0968199 0.0968199 1 1 
4.51072 0.0971212 0.0971212 1 1 
4.52066 0.0974228 0.0974228 1 1 
4.5306 0.0977249 0.0977249 1 1 
4.54054 0.0980273 0.0980273 1 1 
4.55049 0.0983302 0.0983302 1 1 
4.56043 0.0986334 0.0986334 1 1 
4.57037 0.098937 0.098937 1 1 
4.58031 0.099241 0.099241 1 1 
4.59025 0.0995453 0.0995453 1 1 
4.6002 0.0998501 0.0998501 1 1 
4.61014 0.100155 0.100155 1 1 
4.62008 0.100461 0.100461 1 1 
4.63002 0.100767 0.100767 1 1 
4.63997 0.101073 0.101073 1 1 
4.64991 0.10138 0.10138 1 1 
4.65985 0.101687 0.101687 1 1 
4.66979 0.101994 0.101994 1 1 
4.67974 0.102302 0.102302 1 1 
4.68968 0.102611 0.102611 1 1 
4.69962 0.102919 0.102919 1 1 
4.70956 0.103228 0.103228 1 1 
4.7195 0.103538 0.103538 1 1 
4.72945 0.103848 0.103848 1 1 
4.73939 0.104158 0.104158 1 1 
4.74933 0.104468 0.104468 1 1 
4.75927 0.104779 0.104779 1 1 
4.76922 0.105091 0.105091 1 1 
4.77916 0.105403 0.105403 1 1 
4.7891 0.105715 0.105715 1 1 
4.79904 0.106027 0.106027 1 1 
4.80899 0.10634 0.10634 1 1 
4.81893 0.106654 0.106654 1 1 
4.82887 0.106967 0.106967 1 1 
4.83881 0.107282 0.107282 1 1 
4.84876 0.107596 0.107596 1 1 
4.8587 0.107911 0.107911 1 1 
4.86864 0.108226 0.108226 1 1 
4.87858 0.108542 0.108542 1 1 
4.88853 0.108858 0.108858 1 1 
4.89847 0.109175 0.109175 1 1 
4.90841 0.109492 0.109492 1 1 
4.91836 0.109809 0.109809 1 1 
4.9283 0.110127 0.110127 1 1 
4.93824 0.110445 0.110445 1 1 
4.94818 0.110763 0.110763 1 1 
4.95813 0.111082 0.111082 1 1 
4.96807 0.111401 0.111401 1 1 
4.97801 0.111721 0.111721 1 1 
4.98795 0.112041 0.112041 1 1 
4.9979 0.112361 0.112361 1 1 
5.00784 0.112682 0.112682 1 1 
5.01778 0.113003 0.113003 1 1 
5.02773 0.113325 0.113325 1 1 
5.03767 0.113647 0.113647 1 1 
5.04761 0.113969 0.113969 1 1 
5.05755 0.114292 0.114292 1 1 
5.0675 0.114615 0.114615 1 1 
5.07744 0.114939 0.114939 1 1 
5.08738 0.115263 0.115263 1 1 
5.09733 0.115587 0.115587 1 1 
5.10727 0.115912 0.115912 1 1 
5.11721 0.116237 0.116237 1 1 
5.12715 0.116563 0.116563 1 1 
5.1371 0.116889 0.116889 1 1 
5.14704 0.117215 0.117215 1 1 
5.15698 0.117542 0.117542 1 1 
5.16693 0.117869 0.117869 1 1 
5.17687 0.118197 0.118197 1 1 
5.18681 0.118525 0.118525 1 1 
5.19676 0.118853 0.118853 1 1 
5.2067 0.119182 0.119182 1 1 
5.21664 0.119511 0.119511 1 1 
5.22658 0.119841 0.119841 1 1 
5.23653 0.12017 0.12017 1 1 
5.24647 0.120501 0.120501 1 1 
5.25641 0.120832 0.120832 1 1 
5.26636 0.121163 0.121163 1 1 
5.2763 0.121494 0.121494 1 1 
5.28624 0.121826 0.121826 1 1 
5.29619 0.122158 0.122158 1 1 
5.30613 0.122491 0.122491 1 1 
5.31607 0.122824 0.122824 1 1 
5.32602 0.123158 0.123158 1 1 
5.33596 0.123492 0.123492 1 1 
5.3459 0.123826 0.123826 1 1 
5.35585 0.124161 0.124161 1 1 
5.36579 0.124496 0.124496 1 1 
5.37573 0.124831 0.124831 1 1 
5.38567 0.125167 0.125167 1 1 
5.39562 0.125504 0.125504 1 1 
5.40556 0.12584 0.12584 1 1 
5.4155 0.126177 0.126177 1 1 
5.42545 0.126515 0.126515 1 1 
5.43539 0.126853 0.126853 1 1 
5.44533 0.127191 0.127191 1 1 
5.45528 0.12753 0.12753 1 1 
5.46522 0.127869 0.127869 1 1 
5.47516 0.128209 0.128209 1 1 
5.48511 0.128548 0.128548 1 1 
5.49505 0.128889 0.128889 1 1 
5.50499 0.129229 0.129229 1 1 
5.51494 0.129571 0.129571 1 1 
5.52488 0.129912 0.129912 1 1 
5.53482 0.130254 0.130254 1 1 
5.54477 0.130596 0.130596 1 1 
5.55471 0.130939 0.130939 1 1 
5.56465 0.131282 0.131282 1 1 
5.5746 0.131626 0.131626 1 1 
5.58454 0.13197 0.13197 1 1 
5.59449 0.132314 0.132314 1 1 
5.60443 0.132659 0.132659 1 1 
5.61437 0.133004 0.133004 1 1 
5.62432 0.133349 0.133349 1 1 
5.63426 0.133695 0.133695 1 1 
5.6442 0.134042 0.134042 1 1 
5.65415 0.134388 0.134388 1 1 
5.66409 0.134736 0.134736 1 1 
5.67403 0.135083 0.135083 1 1 
5.68398 0.135431 0.135431 1 1 
5.69392 0.13578 0.13578 1 1 
5.70386 0.136128 0.136128 1 1 
5.71381 0.136477 0.136477 1 1 
5.72375 0.136827 0.136827 1 1 
5.73369 0.137177 0.137177 1 1 
5.74364 0.137527 0.137527 1 1 
5.75358 0.137878 0.137878 1 1 
5.76352 0.138229 0.138229 1 1 
5.77347 0.138581 0.138581 1 1 
5.78341 0.138933 0.138933 1 1 
5.79336 0.139285 0.139285 1 1 
5.8033 0.139638 0.139638 1 1 
5.81324 0.139991 0.139991 1 1 
5.82319 0.140345 0.140345 1 1 
5.83313 0.140699 0.140699 1 1 
5.84307 0.141054 0.141054 1 1 
5.85302 0.141408 0.141408 1 1 
5.86296 0.141764 0.141764 1 1 
5.8729 0.142119 0.142119 1 1 
5.88285 0.142475 0.142475 1 1 
5.89279 0.142832 0.142832 1 1 
5.90274 0.143189 0.143189 1 1 
5.91268 0.143546 0.143546 1 1 
5.92262 0.143904 0.143904 1 1 
5.93257 0.144262 0.144262 1 1 
5.94251 0.14462 0.14462 1 1 
5.95245 0.144979 0.144979 1 1 
5.9624 0.145338 0.145338 1 1 
5.97234 0.145698 0.145698 1 1 
5.98229 0.146058 0.146058 1 1 
5.99223 0.146419 0.146419 1 1 
6.00217 0.14678 0.14678 1 1 
6.01212 0.147141 0.147141 1 1 
6.02206 0.147503 0.147503 1 1 
6.032 0.147865 0.147865 1 1 
6.04195 0.148228 0.148228 1 1 
6.05189 0.148591 0.148591 1 1 
6.06184 0.148954 0.148954 1 1 
6.07178 0.149318 0.149318 1 1 
6.08172 0.149682 0.149682 1 1 
6.09167 0.150047 0.150047 1 1 
6.10161 0.150412 0.150412 1 1 
6.11155 0.150777 0.150777 1 1 
6.1215 0.151143 0.151143 1 1 
6.13144 0.151509 0.151509 1 1 
6.14139 0.151876 0.151876 1 1 
6.15133 0.152243 0.152243 1 1 
6.16127 0.152611 0.152611 1 1 
6.17122 0.152979 0.152979 1 1 
6.18116 0.153347 0.153347 1 1 
6.1911 0.153716 0.153716 1 1 
6.20105 0.154085 0.154085 1 1 
6.21099 0.154454 0.154454 1 1 
6.22094 0.154824 0.154824 1 1 
6.23088 0.155195 0.155195 1 1 
6.24082 0.155566 0.155566 1 1 
6.25077 0.155937 0.155937 1 1 
6.26071 0.156308 0.156308 1 1 
6.27066 0.15668 0.15668 1 1 
6.2806 0.157053 0.157053 1 1 
6.29054 0.157426 0.157426 1 1 
6.30049 0.157799 0.157799 1 1 
6.31043 0.158173 0.158173 1 1 
6.32038 0.158547 0.158547 1 1 
6.33032 0.158921 0.158921 1 1 
6.34026 0.159296 0.159296 1 1 
6.35021 0.159671 0.159671 1 1 
6.36015 0.160047 0.160047 1 1 
6.37009 0.160423 0.160423 1 1 
6.38004 0.1608 0.1608 1 1 
6.38998 0.161177 0.161177 1 1 
6.39993 0.161554 0.161554 1 1 
6.40987 0.161932 0.161932 1 1 
6.41981 0.16231 0.16231 1 1 
6.42976 0.162689 0.162689 1 1 
6.4397 0.163068 0.163068 1 1 
6.44965 0.163448 0.163448 1 1 
6.45959 0.163827 0.163827 1 1 
6.46953 0.164208 0.164208 1 1 
6.47948 0.164588 0.164588 1 1 
6.48942 0.16497 0.16497 1 1 
6.49937 0.165351 0.165351 1 1 
6.50931 0.165733 0.165733 1 1 
6.51925 0.166116 0.166116 1 1 
6.5292 0.166498 0.166498 1 1 
6.53914 0.166882 0.166882 1 1 
6.54909 0.167265 0.167265 1 1 
6.55903 0.167649 0.167649 1 1 
6.56897 0.168034 0.168034 1 1 
6.57892 0.168419 0.168419 1 1 
6.58886 0.168804 0.168804 1 1 
6.59881 0.16919 0.16919 1 1 
6.60875 0.169576 0.169576 1 1 
6.61869 0.169962 0.169962 1 1 
6.62864 0.170349 0.170349 1 1 
6.63858 0.170737 0.170737 1 1 
6.64853 0.171125 0.171125 1 1 
6.65847 0.171513 0.171513 1 1 
6.66841 0.171901 0.171901 1 1 
6.67836 0.17229 0.17229 1 1 
6.6883 0.17268 0.17268 1 1 
6.69825 0.17307 0.17307 1 1 
6.70819 0.17346 0.17346 1 1 
6.71813 0.173851 0.173851 1 1 
6.72808 0.174242 0.174242 1 1 
6.73802 0.174634 0.174634 1 1 
6.74797 0.175026 0.175026 1 1 
6.75791 0.175418 0.175418 1 1 
6.76786 0.175811 0.175811 1 1 
6.7778 0.176204 0.176204 1 1 
6.78774 0.176598 0.176598 1 1 
6.79769 0.176992 0.176992 1 1 
6.80763 0.177386 0.177386 1 1 
6.81758 0.177781 0.177781 1 1 
6.82752 0.178177 0.178177 1 1 
6.83746 0.178573 0.178573 1 1 
6.84741 0.178969 0.178969 1 1 
6.85735 0.179365 0.179365 1 1 
6.8673 0.179762 0.179762 1 1 
6.87724 0.18016 0.18016 1 1 
6.88718 0.180558 0.180558 1 1 
6.89713 0.180956 0.180956 1 1 
6.90707 0.181355 0.181355 1 1 
6.91702 0.181754 0.181754 1 1 
6.92696 0.182154 0.182154 1 1 
6.9369 0.182554 0.182554 1 1 
6.94685 0.182954 0.182954 1 1 
6.95679 0.183355 0.183355 1 1 
6.96674 0.183756 0.183756 1 1 
6.97668 0.184158 0.184158 1 1 
6.98662 0.18456 0.18456 1 1 
6.99657 0.184963 0.184963 1 1 
7.00651 0.185366 0.185366 1 1 
7.01646 0.185769 0.185769 1 1 
7.0264 0.186173 0.186173 1 1 
7.03635 0.186577 0.186577 1 1 
7.04629 0.186982 0.186982 1 1 
7.05623 0.187387 0.187387 1 1 
7.06618 0.187792 0.187792 1 1 
7.07612 0.188198 0.188198 1 1 
7.08607 0.188605 0.188605 1 1 
7.09601 0.189011 0.189011 1 1 
7.10595 0.189419 0.189419 1 1 
7.1159 0.189826 0.189826 1 1 
7.12584 0.190234 0.190234 1 1 
7.13579 0.190643 0.190643 1 1 
7.14573 0.191052 0.191052 1 1 
7.15567 0.191461 0.191461 1 1 
7.16562 0.191871 0.191871 1 1 
7.17556 0.192281 0.192281 1 1 
7.18551 0.192692 0.192692 1 1 
7.19545 0.193103 0.193103 1 1 
7.20539 0.193514 0.193514 1 1 
7.21534 0.193926 0.193926 1 1 
7.22528 0.194339 0.194339 1 1 
7.23523 0.194751 0.194751 1 1 
7.24517 0.195165 0.195165 1 1 
7.25512 0.195578 0.195578 1 1 
7.26506 0.195992 0.195992 1 1 
7.275 0.196407 0.196407 1 1 
7.28495 0.196822 0.196822 1 1 
7.29489 0.197237 0.197237 1 1 
7.30484 0.197653 0.197653 1 1 
7.31478 0.198069 0.198069 1 1 
7.32472 0.198486 0.198486 1 1 
7.33467 0.198903 0.198903 1 1 
7.34461 0.19932 0.19932 1 1 
7.35456 0.199738 0.199738 1 1 
7.3645 0.200156 0.200156 1 1 
7.37444 0.200575 0.200575 1 1 
7.38439 0.200994 0.200994 1 1 
7.39433 0.201414 0.201414 1 1 
7.40428 0.201834 0.201834 1 1 
7.41422 0.202255 0.202255 1 1 
7.42416 0.202676 0.202676 1 1 
7.43411 0.203097 0.203097 1 1 
7.44405 0.203519 0.203519 1 1 
7.454 0.203941 0.203941 1 1 
7.46394 0.204364 0.204364 1 1 
7.47388 0.204787 0.204787 1 1 
7.48383 0.20521 0.20521 1 1 
7.49377 0.205634 0.205634 1 1 
7.50372 0.206059 0.206059 1 1 
7.51366 0.206483 0.206483 1 1 
7.52361 0.206909 0.206909 1 1 
7.53355 0.207334 0.207334 1 1 
7.54349 0.20776 0.20776 1 1 
7.55344 0.208187 0.208187 1 1 
7.56338 0.208614 0.208614 1 1 
7.57333 0.209041 0.209041 1 1 
7.58327 0.209469 0.209469 1 1 
7.59321 0.209898 0.209898 1 1 
7.60316 0.210326 0.210326 1 1 
7.6131 0.210755 0.210755 1 1 
7.62305 0.211185 0.211185 1 1 
7.63299 0.211615 0.211615 1 1 
7.64293 0.212045 0.212045 1 1 
7.65288 0.212476 0.212476 1 1 
7.66282 0.212908 0.212908 1 1 
7.67277 0.213339 0.213339 1 1 
7.68271 0.213772 0.213772 1 1 
7.69265 0.214204 0.214204 1 1 
7.7026 0.214637 0.214637 1 1 
7.71254 0.215071 0.215071 1 1 
7.72249 0.215505 0.215505 1 1 
7.73243 0.215939 0.215939 1 1 
7.74237 0.216374 0.216374 1 1 
7.75232 0.216809 0.216809 1 1 
7.76226 0.217245 0.217245 1 1 
7.77221 0.217681 0.217681 1 1 
7.78215 0.218118 0.218118 1 1 
7.79209 0.218555 0.218555 1 1 
7.80204 0.218992 0.218992 1 1 
7.81198 0.21943 0.21943 1 1 
7.82193 0.219868 0.219868 1 1 
7.83187 0.220307 0.220307 1 1 
7.84181 0.220746 0.220746 1 1 
7.85176 0.221186 0.221186 1 1 
7.8617 0.221626 0.221626 1 1 
7.87164 0.222067 0.222067 1 1 
7.88159 0.222507 0.222507 1 1 
7.89153 0.222949 0.222949 1 1 
7.90148 0.223391 0.223391 1 1 
7.91142 0.223833 0.223833 1 1 
7.92136 0.224276 0.224276 1 1 
7.93131 0.224719 0.224719 1 1 
7.94125 0.225162 0.225162 1 1 
7.9512 0.225606 0.225606 1 1 
7.96114 0.226051 0.226051 1 1 
7.97108 0.226496 0.226496 1 1 
7.98103 0.226941 0.226941 1 1 
7.99097 0.227387 0.227387 1 1 
8.00092 0.227833 0.227833 1 1 
8.01086 0.22828 0.22828 1 1 
8.0208 0.228727 0.228727 1 1 
8.03075 0.229175 0.229175 1 1 
8.04069 0.229623 0.229623 1 1 
8.05064 0.230071 0.230071 1 1 
8.06058 0.23052 0.23052 1 1 
8.07052 0.230969 0.230969 1 1 
8.08047 0.231419 0.231419 1 1 
8.09041 0.231869 0.231869 1 1 
8.10035 0.23232 0.23232 1 1 
8.1103 0.232771 0.232771 1 1 
8.12024 0.233223 0.233223 1 1 
8.13019 0.233675 0.233675 1 1 
8.14013 0.234127 0.234127 1 1 
8.15007 0.23458 0.23458 1 1 
8.16002 0.235033 0.235033 1 1 
8.16996 0.235487 0.235487 1 1 
8.1799 0.235941 0.235941 1 1 
8.18985 0.236396 0.236396 1 1 
8.19979 0.236851 0.236851 1 1 
8.20974 0.237306 0.237306 1 1 
8.21968 0.237762 0.237762 1 1 
8.22962 0.238219 0.238219 1 1 
8.23957 0.238676 0.238676 1 1 
8.24951 0.239133 0.239133 1 1 
8.25945 0.239591 0.239591 1 1 
8.2694 0.240049 0.240049 1 1 
8.27934 0.240508 0.240508 1 1 
8.28929 0.240967 0.240967 1 1 
8.29923 0.241426 0.241426 1 1 
8.30917 0.241886 0.241886 1 1 
8.31912 0.242347 0.242347 1 1 
8.32906 0.242808 0.242808 1 1 
8.339 0.243269 0.243269 1 1 
8.34895 0.243731 0.243731 1 1 
8.35889 0.244193 0.244193 1 1 
8.36884 0.244656 0.244656 1 1 
8.37878 0.245119 0.245119 1 1 
8.38872 0.245583 0.245583 1 1 
8.39867 0.246047 0.246047 1 1 
8.40861 0.246511 0.246511 1 1 
8.41855 0.246976 0.246976 1 1 
8.4285 0.247441 0.247441 1 1 
8.43844 0.247907 0.247907 1 1 
8.44838 0.248374 0.248374 1 1 
8.45833 0.24884 0.24884 1 1 
8.46827 0.249308 0.249308 1 1 
8.47822 0.249775 0.249775 1 1 
8.48816 0.250243 0.250243 1 1 
8.4981 0.250712 0.250712 1 1 
8.50805 0.251181 0.251181 1 1 
8.51799 0.25165 0.25165 1 1 
8.52793 0.25212 0.25212 1 1 
8.53788 0.25259 0.25259 1 1 
8.54782 0.253061 0.253061 1 1 
8.55776 0.253532 0.253532 1 1 
8.56771 0.254004 0.254004 1 1 
8.57765 0.254476 0.254476 1 1 
8.58759 0.254949 0.254949 1 1 
8.59754 0.255422 0.255422 1 1 
8.60748 0.255895 0.255895 1 1 
8.61743 0.256369 0.256369 1 1 
8.62737 0.256844 0.256844 1 1 
8.63731 0.257319 0.257319 1 1 
8.64726 0.257794 0.257794 1 1 
8.6572 0.25827 0.25827 1 1 
8.66714 0.258746 0.258746 1 1 
8.67709 0.259223 0.259223 1 1 
8.68703 0.2597 0.2597 1 1 
8.69697 0.260177 0.260177 1 1 
8.70692 0.260655 0.260655 1 1 
8.71686 0.261134 0.261134 1 1 
8.7268 0.261613 0.261613 1 1 
8.73675 0.262092 0.262092 1 1 
8.74669 0.262572 0.262572 1 1 
8.75663 0.263053 0.263053 1 1 
8.76658 0.263533 0.263533 1 1 
8.77652 0.264015 0.264015 1 1 
8.78646 0.264496 0.264496 1 1 
8.79641 0.264978 0.264978 1 1 
8.80635 0.265461 0.265461 1 1 
8.81629 0.265944 0.265944 1 1 
8.82624 0.266428 0.266428 1 1 
8.83618 0.266912 0.266912 1 1 
8.84612 0.267396 0.267396 1 1 
8.85607 0.267881 0.267881 1 1 
8.86601 0.268366 0.268366 1 1 
8.87595 0.268852 0.268852 1 1 
8.8859 0.269338 0.269338 1 1 
8.89584 0.269825 0.269825 1 1 
8.90578 0.270312 0.270312 1 1 
8.91573 0.2708 0.2708 1 1 
8.92567 0.271288 0.271288 1 1 
8.93561 0.271776 0.271776 1 1 
8.94556 0.272265 0.272265 1 1 
8.9555 0.272755 0.272755 1 1 
8.96544 0.273245 0.273245 1 1 
8.97539 0.273735 0.273735 1 1 
8.98533 0.274226 0.274226 1 1 
8.99527 0.274717 0.274717 1 1 
9.00521 0.275209 0.275209 1 1 
9.01516 0.275701 0.275701 1 1 
9.0251 0.276194 0.276194 1 1 
9.03504 0.276687 0.276687 1 1 
9.04499 0.277181 0.277181 1 1 
9.05493 0.277675 0.277675 1 1 
9.06487 0.278169 0.278169 1 1 
9.07482 0.278664 0.278664 1 1 
9.08476 0.27916 0.27916 1 1 
9.0947 0.279656 0.279656 1 1 
9.10465 0.280152 0.280152 1 1 
9.11459 0.280649 0.280649 1 1 
9.12453 0.281146 0.281146 1 1 
9.13447 0.281644 0.281644 1 1 
9.14442 0.282142 0.282142 1 1 
9.15436 0.282641 0.282641 1 1 
9.1643 0.28314 0.28314 1 1 
9.17425 0.28364 0.28364 1 1 
9.18419 0.28414 0.28414 1 1 
9.19413 0.284641 0.284641 1 1 
9.20408 0.285142 0.285142 1 1 
9.21402 0.285643 0.285643 1 1 
9.22396 0.286145 0.286145 1 1 
9.2339 0.286647 0.286647 1 1 
9.24385 0.28715 0.28715 1 1 
9.25379 0.287654 0.287654 1 1 
9.26373 0.288157 0.288157 1 1 
9.27368 0.288662 0.288662 1 1 
9.28362 0.289167 0.289167 1 1 
9.29356 0.289672 0.289672 1 1 
9.3035 0.290177 0.290177 1 1 
9.31345 0.290684 0.290684 1 1 
9.32339 0.29119 0.29119 1 1 
9.33333 0.291697 0.291697 1 1 
9.34328 0.292205 0.292205 1 1 
9.35322 0.292713 0.292713 1 1 
9.36316 0.293221 0.293221 1 1 
9.3731 0.29373 0.29373 1 1 
9.38305 0.29424 0.29424 1 1 
9.39299 0.29475 0.29475 1 1 
9.40293 0.29526 0.29526 1 1 
9.41287 0.295771 0.295771 1 1 
9.42282 0.296282 0.296282 1 1 
9.43276 0.296794 0.296794 1 1 
9.4427 0.297306 0.297306 1 1 
9.45265 0.297819 0.297819 1 1 
9.46259 0.298332 0.298332 1 1 
9.47253 0.298845 0.298845 1 1 
9.48247 0.29936 0.29936 1 1 
9.49242 0.299874 0.299874 1 1 
9.50236 0.300389 0.300389 1 1 
9.5123 0.300905 0.300905 1 1 
9.52224 0.301421 0.301421 1 1 
9.53219 0.301937 0.301937 1 1 
9.54213 0.302454 0.302454 1 1 
9.55207 0.302972 0.302972 1 1 
9.56201 0.303489 0.303489 1 1 
9.57196 0.304008 0.304008 1 1 
9.5819 0.304527 0.304527 1 1 
9.59184 0.305046 0.305046 1 1 
9.60178 0.305566 0.305566 1 1 
9.61173 0.306086 0.306086 1 1 
9.62167 0.306607 0.306607 1 1 
9.63161 0.307128 0.307128 1 1 
9.64155 0.307649 0.307649 1 1 
9.6515 0.308172 0.308172 1 1 
9.66144 0.308694 0.308694 1 1 
9.67138 0.309217 0.309217 1 1 
9.68132 0.309741 0.309741 1 1 
9.69127 0.310265 0.310265 1 1 
9.70121 0.310789 0.310789 1 1 
9.71115 0.311314 0.311314 1 1 
9.72109 0.31184 0.31184 1 1 
9.73104 0.312366 0.312366 1 1 
9.74098 0.312892 0.312892 1 1 
9.75092 0.313419 0.313419 1 1 
9.76086 0.313946 0.313946 1 1 
9.7708 0.314474 0.314474 1 1 
9.78075 0.315002 0.315002 1 1 
9.79069 0.315531 0.315531 1 1 
9.80063 0.316061 0.316061 1 1 
9.81057 0.31659 0.31659 1 1 
9.82052 0.31712 0.31712 1 1 
9.83046 0.317651 0.317651 1 1 
9.8404 0.318182 0.318182 1 1 
9.85034 0.318714 0.318714 1 1 
9.86028 0.319246 0.319246 1 1 
9.87023 0.319779 0.319779 1 1 
9.88017 0.320312 0.320312 1 1 
9.89011 0.320845 0.320845 1 1 
9.90005 0.321379 0.321379 1 1 
9.90999 0.321914 0.321914 1 1 
9.91994 0.322449 0.322449 1 1 
9.92988 0.322984 0.322984 1 1 
9.93982 0.32352 0.32352 1 1 
9.94976 0.324057 0.324057 1 1 
9.9597 0.324594 0.324594 1 1 
9.96965 0.325131 0.325131 1 1 
9.97959 0.325669 0.325669 1 1 
9.98953 0.326207 0.326207 1 1 
9.99947 0.326746 0.326746 1 1 
10.0094 0.327286 0.327286 1 1 
10.0194 0.327825 0.327825 1 1 
10.0293 0.328366 0.328366 1 1 
10.0392 0.328906 0.328906 1 1 
10.0492 0.329448 0.329448 1 1 
10.0591 0.329989 0.329989 1 1 
10.0691 0.330532 0.330532 1 1 
10.079 0.331074 0.331074 1 1 
10.0889 0.331617 0.331617 1 1 
10.0989 0.332161 0.332161 1 1 
10.1088 0.332705 0.332705 1 1 
10.1188 0.33325 0.33325 1 1 
10.1287 0.333795 0.333795 1 1 
10.1387 0.334341 0.334341 1 1 
10.1486 0.334887 0.334887 1 1 
10.1585 0.335433 0.335433 1 1 
10.1685 0.33598 0.33598 1 1 
10.1784 0.336528 0.336528 1 1 
10.1884 0.337076 0.337076 1 1 
10.1983 0.337624 0.337624 1 1 
10.2082 0.338173 0.338173 1 1 
10.2182 0.338723 0.338723 1 1 
10.2281 0.339273 0.339273 1 1 
10.2381 0.339823 0.339823 1 1 
10.248 0.340374 0.340374 1 1 
10.258 0.340926 0.340926 1 1 
10.2679 0.341478 0.341478 1 1 
10.2778 0.34203 0.34203 1 1 
10.2878 0.342583 0.342583 1 1 
10.2977 0.343136 0.343136 1 1 
10.3077 0.34369 0.34369 1 1 
10.3176 0.344244 0.344244 1 1 
10.3275 0.344799 0.344799 1 1 
10.3375 0.345355 0.345355 1 1 
10.3474 0.34591 0.34591 1 1 
10.3574 0.346467 0.346467 1 1 
10.3673 0.347023 0.347023 1 1 
10.3773 0.347581 0.347581 1 1 
10.3872 0.348138 0.348138 1 1 
10.3971 0.348697 0.348697 1 1 
10.4071 0.349255 0.349255 1 1 
10.417 0.349815 0.349815 1 1 
10.427 0.350374 0.350374 1 1 
10.4369 0.350935 0.350935 1 1 
10.4468 0.351495 0.351495 1 1 
10.4568 0.352057 0.352057 1 1 
10.4667 0.352618 0.352618 1 1 
10.4767 0.35318 0.35318 1 1 
10.4866 0.353743 0.353743 1 1 
10.4965 0.354306 0.354306 1 1 
10.5065 0.35487 0.35487 1 1 
10.5164 0.355434 0.355434 1 1 
10.5264 0.355999 0.355999 1 1 
10.5363 0.356564 0.356564 1 1 
10.5463 0.35713 0.35713 1 1 
10.5562 0.357696 0.357696 1 1 
10.5661 0.358262 0.358262 1 1 
10.5761 0.358829 0.358829 1 1 
10.586 0.359397 0.359397 1 1 
10.596 0.359965 0.359965 1 1 
10.6059 0.360534 0.360534 1 1 
10.6158 0.361103 0.361103 1 1 
10.6258 0.361672 0.361672 1 1 
10.6357 0.362242 0.362242 1 1 
10.6457 0.362813 0.362813 1 1 
10.6556 0.363384 0.363384 1 1 
10.6655 0.363956 0.363956 1 1 
10.6755 0.364528 0.364528 1 1 
10.6854 0.3651 0.3651 1 1 
10.6954 0.365673 0.365673 1 1 
10.7053 0.366247 0.366247 1 1 
10.7152 0.366821 0.366821 1 1 
10.7252 0.367395 0.367395 1 1 
10.7351 0.36797 0.36797 1 1 
10.7451 0.368546 0.368546 1 1 
10.755 0.369122 0.369122 1 1 
10.765 0.369699 0.369699 1 1 
10.7749 0.370276 0.370276 1 1 
10.7848 0.370853 0.370853 1 1 
10.7948 0.371431 0.371431 1 1 
10.8047 0.37201 0.37201 1 1 
10.8147 0.372589 0.372589 1 1 
10.8246 0.373168 0.373168 1 1 
10.8345 0.373748 0.373748 1 1 
10.8445 0.374329 0.374329 1 1 
10.8544 0.37491 0.37491 1 1 
10.8644 0.375491 0.375491 1 1 
10.8743 0.376073 0.376073 1 1 
10.8842 0.376656 0.376656 1 1 
10.8942 0.377239 0.377239 1 1 
10.9041 0.377822 0.377822 1 1 
10.9141 0.378406 0.378406 1 1 
10.924 0.378991 0.378991 1 1 
10.9339 0.379576 0.379576 1 1 
10.9439 0.380162 0.380162 1 1 
10.9538 0.380748 0.380748 1 1 
10.9638 0.381334 0.381334 1 1 
10.9737 0.381921 0.381921 1 1 
10.9836 0.382509 0.382509 1 1 
10.9936 0.383097 0.383097 1 1 
11.0035 0.383685 0.383685 1 1 
11.0135 0.384274 0.384274 1 1 
11.0234 0.384864 0.384864 1 1 
11.0333 0.385454 0.385454 1 1 
11.0433 0.386045 0.386045 1 1 
11.0532 0.386636 0.386636 1 1 
11.0632 0.387227 0.387227 1 1 
11.0731 0.387819 0.387819 1 1 
11.083 0.388412 0.388412 1 1 
11.093 0.389005 0.389005 1 1 
11.1029 0.389599 0.389599 1 1 
11.1129 0.390193 0.390193 1 1 
11.1228 0.390787 0.390787 1 1 
11.1327 0.391382 0.391382 1 1 
11.1427 0.391978 0.391978 1 1 
11.1526 0.392574 0.392574 1 1 
11.1626 0.393171 0.393171 1 1 
11.1725 0.393768 0.393768 1 1 
11.1824 0.394366 0.394366 1 1 
11.1924 0.394964 0.394964 1 1 
11.2023 0.395562 0.395562 1 1 
11.2123 0.396162 0.396162 1 1 
11.2222 0.396761 0.396761 1 1 
11.2321 0.397361 0.397361 1 1 
11.2421 0.397962 0.397962 1 1 
11.252 0.398563 0.398563 1 1 
11.262 0.399165 0.399165 1 1 
11.2719 0.399767 0.399767 1 1 
11.2818 0.40037 0.40037 1 1 
11.2918 0.400973 0.400973 1 1 
11.3017 0.401577 0.401577 1 1 
11.3117 0.402181 0.402181 1 1 
11.3216 0.402786 0.402786 1 1 
11.3315 0.403391 0.403391 1 1 
11.3415 0.403997 0.403997 1 1 
11.3514 0.404603 0.404603 1 1 
11.3614 0.40521 0.40521 1 1 
11.3713 0.405818 0.405818 1 1 
11.3812 0.406426 0.406426 1 1 
11.3912 0.407034 0.407034 1 1 
11.4011 0.407643 0.407643 1 1 
11.4111 0.408252 0.408252 1 1 
11.421 0.408862 0.408862 1 1 
11.4309 0.409472 0.409472 1 1 
11.4409 0.410083 0.410083 1 1 
11.4508 0.410695 0.410695 1 1 
11.4607 0.411307 0.411307 1 1 
11.4707 0.411919 0.411919 1 1 
11.4806 0.412532 0.412532 1 1 
11.4906 0.413146 0.413146 1 1 
11.5005 0.41376 0.41376 1 1 
11.5104 0.414374 0.414374 1 1 
11.5204 0.414989 0.414989 1 1 
11.5303 0.415605 0.415605 1 1 
11.5403 0.416221 0.416221 1 1 
11.5502 0.416838 0.416838 1 1 
11.5601 0.417455 0.417455 1 1 
11.5701 0.418072 0.418072 1 1 
11.58 0.418691 0.418691 1 1 
11.59 0.419309 0.419309 1 1 
11.5999 0.419928 0.419928 1 1 
11.6098 0.420548 0.420548 1 1 
11.6198 0.421168 0.421168 1 1 
11.6297 0.421789 0.421789 1 1 
11.6396 0.42241 0.42241 1 1 
11.6496 0.423032 0.423032 1 1 
11.6595 0.423654 0.423654 1 1 
11.6695 0.424277 0.424277 1 1 
11.6794 0.4249 0.4249 1 1 
11.6893 0.425524 0.425524 1 1 
11.6993 0.426149 0.426149 1 1 
11.7092 0.426774 0.426774 1 1 
11.7192 0.427399 0.427399 1 1 
11.7291 0.428025 0.428025 1 1 
11.739 0.428651 0.428651 1 1 
11.749 0.429278 0.429278 1 1 
11.7589 0.429906 0.429906 1 1 
11.7689 0.430534 0.430534 1 1 
11.7788 0.431162 0.431162 1 1 
11.7887 0.431792 0.431792 1 1 
11.7987 0.432421 0.432421 1 1 
11.8086 0.433051 0.433051 1 1 
11.8185 0.433682 0.433682 1 1 
11.8285 0.434313 0.434313 1 1 
11.8384 0.434945 0.434945 1 1 
11.8484 0.435577 0.435577 1 1 
11.8583 0.43621 0.43621 1 1 
11.8682 0.436843 0.436843 1 1 
11.8782 0.437477 0.437477 1 1 
11.8881 0.438111 0.438111 1 1 
11.898 0.438746 0.438746 1 1 
11.908 0.439381 0.439381 1 1 
11.9179 0.440017 0.440017 1 1 
11.9279 0.440653 0.440653 1 1 
11.9378 0.44129 0.44129 1 1 
11.9477 0.441928 0.441928 1 1 
11.9577 0.442566 0.442566 1 1 
11.9676 0.443204 0.443204 1 1 
11.9776 0.443843 0.443843 1 1 
11.9875 0.444483 0.444483 1 1 
11.9974 0.445123 0.445123 1 1 
12.0074 0.445763 0.445763 1 1 
12.0173 0.446405 0.446405 1 1 
12.0272 0.447046 0.447046 1 1 
12.0372 0.447688 0.447688 1 1 
12.0471 0.448331 0.448331 1 1 
12.0571 0.448974 0.448974 1 1 
12.067 0.449618 0.449618 1 1 
12.0769 0.450263 0.450263 1 1 
12.0869 0.450907 0.450907 1 1 
12.0968 0.451553 0.451553 1 1 
12.1067 0.452199 0.452199 1 1 
12.1167 0.452845 0.452845 1 1 
12.1266 0.453492 0.453492 1 1 
12.1366 0.45414 0.45414 1 1 
12.1465 0.454788 0.454788 1 1 
12.1564 0.455436 0.455436 1 1 
12.1664 0.456085 0.456085 1 1 
12.1763 0.456735 0.456735 1 1 
12.1862 0.457385 0.457385 1 1 
12.1962 0.458036 0.458036 1 1 
12.2061 0.458687 0.458687 1 1 
12.2161 0.459339 0.459339 1 1 
12.226 0.459991 0.459991 1 1 
12.2359 0.460644 0.460644 1 1 
12.2459 0.461297 0.461297 1 1 
12.2558 0.461951 0.461951 1 1 
12.2657 0.462605 0.462605 1 1 
12.2757 0.46326 0.46326 1 1 
12.2856 0.463916 0.463916 1 1 
12.2956 0.464572 0.464572 1 1 
12.3055 0.465228 0.465228 1 1 
12.3154 0.465886 0.465886 1 1 
12.3254 0.466543 0.466543 1 1 
12.3353 0.467201 0.467201 1 1 
12.3452 0.46786 0.46786 1 1 
12.3552 0.468519 0.468519 1 1 
12.3651 0.469179 0.469179 1 1 
12.375 0.469839 0.469839 1 1 
12.385 0.4705 0.4705 1 1 
12.3949 0.471162 0.471162 1 1 
12.4049 0.471823 0.471823 1 1 
12.4148 0.472486 0.472486 1 1 
12.4247 0.473149 0.473149 1 1 
12.4347 0.473812 0.473812 1 1 
12.4446 0.474477 0.474477 1 1 
12.4545 0.475141 0.475141 1 1 
12.4645 0.475806 0.475806 1 1 
12.4744 0.476472 0.476472 1 1 
12.4844 0.477138 0.477138 1 1 
12.4943 0.477805 0.477805 1 1 
12.5042 0.478472 0.478472 1 1 
12.5142 0.47914 0.47914 1 1 
12.5241 0.479809 0.479809 1 1 
12.534 0.480477 0.480477 1 1 
12.544 0.481147 0.481147 1 1 
12.5539 0.481817 0.481817 1 1 
12.5638 0.482488 0.482488 1 1 
12.5738 0.483159 0.483159 1 1 
12.5837 0.48383 0.48383 1 1 
12.5937 0.484502 0.484502 1 1 
12.6036 0.485175 0.485175 1 1 
12.6135 0.485848 0.485848 1 1 
12.6235 0.486522 0.486522 1 1 
12.6334 0.487197 0.487197 1 1 
12.6433 0.487872 0.487872 1 1 
12.6533 0.488547 0.488547 1 1 
12.6632 0.489223 0.489223 1 1 
12.6731 0.489899 0.489899 1 1 
12.6831 0.490577 0.490577 1 1 
12.693 0.491254 0.491254 1 1 
12.703 0.491932 0.491932 1 1 
12.7129 0.492611 0.492611 1 1 
12.7228 0.49329 0.49329 1 1 
12.7328 0.49397 0.49397 1 1 
12.7427 0.49465 0.49465 1 1 
12.7526 0.495331 0.495331 1 1 
12.7626 0.496013 0.496013 1 1 
12.7725 0.496695 0.496695 1 1 
12.7824 0.497377 0.497377 1 1 
12.7924 0.49806 0.49806 1 1 
12.8023 0.498744 0.498744 1 1 
12.8122 0.499428 0.499428 1 1 
12.8222 0.500113 0.500113 1 1 
12.8321 0.500798 0.500798 1 1 
12.8421 0.501484 0.501484 1 1 
12.852 0.502171 0.502171 1 1 
12.8619 0.502857 0.502857 1 1 
12.8719 0.503545 0.503545 1 1 
12.8818 0.504233 0.504233 1 1 
12.8917 0.504922 0.504922 1 1 
12.9017 0.505611 0.505611 1 1 
12.9116 0.5063 0.5063 1 1 
12.9215 0.506991 0.506991 1 1 
12.9315 0.507681 0.507681 1 1 
12.9414 0.508373 0.508373 1 1 
12.9513 0.509065 0.509065 1 1 
12.9613 0.509757 0.509757 1 1 
12.9712 0.51045 0.51045 1 1 
12.9811 0.511144 0.511144 1 1 
12.9911 0.511838 0.511838 1 1 
13.001 0.512532 0.512532 1 1 
13.011 0.513228 0.513228 1 1 
13.0209 0.513923 0.513923 1 1 
13.0308 0.51462 0.51462 1 1 
13.0408 0.515316 0.515316 1 1 
13.0507 0.516014 0.516014 1 1 
13.0606 0.516712 0.516712 1 1 
13.0706 0.51741 0.51741 1 1 
13.0805 0.518109 0.518109 1 1 
13.0904 0.518809 0.518809 1 1 
13.1004 0.519509 0.519509 1 1 
13.1103 0.52021 0.52021 1 1 
13.1202 0.520911 0.520911 1 1 
13.1302 0.521613 0.521613 1 1 
13.1401 0.522316 0.522316 1 1 
13.15 0.523019 0.523019 1 1 
13.16 0.523722 0.523722 1 1 
13.1699 0.524426 0.524426 1 1 
13.1798 0.525131 0.525131 1 1 
13.1898 0.525836 0.525836 1 1 
13.1997 0.526542 0.526542 1 1 
13.2096 0.527248 0.527248 1 1 
13.2196 0.527955 0.527955 1 1 
13.2295 0.528663 0.528663 1 1 
13.2394 0.529371 0.529371 1 1 
13.2494 0.530079 0.530079 1 1 
13.2593 0.530788 0.530788 1 1 
13.2693 0.531498 0.531498 1 1 
13.2792 0.532208 0.532208 1 1 
13.2891 0.532919 0.532919 1 1 
13.2991 0.53363 0.53363 1 1 
13.309 0.534342 0.534342 1 1 
13.3189 0.535055 0.535055 1 1 
13.3289 0.535768 0.535768 1 1 
13.3388 0.536482 0.536482 1 1 
13.3487 0.537196 0.537196 1 1 
13.3587 0.537911 0.537911 1 1 
13.3686 0.538626 0.538626 1 1 
13.3785 0.539342 0.539342 1 1 
13.3885 0.540058 0.540058 1 1 
13.3984 0.540775 0.540775 1 1 
13.4083 0.541493 0.541493 1 1 
13.4183 0.542211 0.542211 1 1 
13.4282 0.54293 0.54293 1 1 
13.4381 0.543649 0.543649 1 1 
13.4481 0.544369 0.544369 1 1 
13.458 0.545089 0.545089 1 1 
13.4679 0.54581 0.54581 1 1 
13.4779 0.546531 0.546531 1 1 
13.4878 0.547254 0.547254 1 1 
13.4977 0.547976 0.547976 1 1 
13.5077 0.548699 0.548699 1 1 
13.5176 0.549423 0.549423 1 1 
13.5275 0.550148 0.550148 1 1 
13.5375 0.550873 0.550873 1 1 
13.5474 0.551598 0.551598 1 1 
13.5573 0.552324 0.552324 1 1 
13.5673 0.553051 0.553051 1 1 
13.5772 0.553778 0.553778 1 1 
13.5871 0.554506 0.554506 1 1 
13.5971 0.555234 0.555234 1 1 
13.607 0.555963 0.555963 1 1 
13.6169 0.556692 0.556692 1 1 
13.6269 0.557422 0.557422 1 1 
13.6368 0.558153 0.558153 1 1 
13.6467 0.558884 0.558884 1 1 
13.6567 0.559616 0.559616 1 1 
13.6666 0.560348 0.560348 1 1 
13.6765 0.561081 0.561081 1 1 
13.6865 0.561815 0.561815 1 1 
13.6964 0.562549 0.562549 1 1 
13.7063 0.563283 0.563283 1 1 
13.7163 0.564019 0.564019 1 1 
13.7262 0.564754 0.564754 1 1 
13.7361 0.565491 0.565491 1 1 
13.7461 0.566228 0.566228 1 1 
13.756 0.566965 0.566965 1 1 
13.7659 0.567703 0.567703 1 1 
13.7759 0.568442 0.568442 1 1 
13.7858 0.569181 0.569181 1 1 
13.7957 0.569921 0.569921 1 1 
13.8056 0.570661 0.570661 1 1 
13.8156 0.571402 0.571402 1 1 
13.8255 0.572144 0.572144 1 1 
13.8354 0.572886 0.572886 1 1 
13.8454 0.573629 0.573629 1 1 
13.8553 0.574372 0.574372 1 1 
13.8652 0.575116 0.575116 1 1 
13.8752 0.57586 0.57586 1 1 
13.8851 0.576605 0.576605 1 1 
13.895 0.577351 0.577351 1 1 
13.905 0.578097 0.578097 1 1 
13.9149 0.578843 0.578843 1 1 
13.9248 0.579591 0.579591 1 1 
13.9348 0.580339 0.580339 1 1 
13.9447 0.581087 0.581087 1 1 
13.9546 0.581836 0.581836 1 1 
13.9646 0.582586 0.582586 1 1 
13.9745 0.583336 0.583336 1 1 
13.9844 0.584087 0.584087 1 1 
13.9944 0.584838 0.584838 1 1 
14.0043 0.58559 0.58559 1 1 
14.0142 0.586342 0.586342 1 1 
14.0242 0.587095 0.587095 1 1 
14.0341 0.587849 0.587849 1 1 
14.044 0.588603 0.588603 1 1 
14.0539 0.589358 0.589358 1 1 
14.0639 0.590114 0.590114 1 1 
14.0738 0.59087 0.59087 1 1 
14.0837 0.591626 0.591626 1 1 
14.0937 0.592383 0.592383 1 1 
14.1036 0.593141 0.593141 1 1 
14.1135 0.5939 0.5939 1 1 
14.1235 0.594659 0.594659 1 1 
14.1334 0.595418 0.595418 1 1 
14.1433 0.596178 0.596178 1 1 
14.1533 0.596939 0.596939 1 1 
14.1632 0.5977 0.5977 1 1 
14.1731 0.598462 0.598462 1 1 
14.1831 0.599224 0.599224 1 1 
14.193 0.599987 0.599987 1 1 
14.2029 0.600751 0.600751 1 1 
14.2128 0.601515 0.601515 1 1 
14.2228 0.60228 0.60228 1 1 
14.2327 0.603045 0.603045 1 1 
14.2426 0.603811 0.603811 1 1 
14.2526 0.604578 0.604578 1 1 
14.2625 0.605345 0.605345 1 1 
14.2724 0.606113 0.606113 1 1 
14.2824 0.606881 0.606881 1 1 
14.2923 0.60765 0.60765 1 1 
14.3022 0.60842 0.60842 1 1 
14.3121 0.60919 0.60919 1 1 
14.3221 0.60996 0.60996 1 1 
14.332 0.610732 0.610732 1 1 
14.3419 0.611503 0.611503 1 1 
14.3519 0.612276 0.612276 1 1 
14.3618 0.613049 0.613049 1 1 
14.3717 0.613823 0.613823 1 1 
14.3817 0.614597 0.614597 1 1 
14.3916 0.615372 0.615372 1 1 
14.4015 0.616147 0.616147 1 1 
14.4115 0.616923 0.616923 1 1 
14.4214 0.6177 0.6177 1 1 
14.4313 0.618477 0.618477 1 1 
14.4412 0.619255 0.619255 1 1 
14.4512 0.620033 0.620033 1 1 
14.4611 0.620812 0.620812 1 1 
14.471 0.621592 0.621592 1 1 
14.481 0.622372 0.622372 1 1 
14.4909 0.623152 0.623152 1 1 
14.5008 0.623934 0.623934 1 1 
14.5107 0.624716 0.624716 1 1 
14.5207 0.625498 0.625498 1 1 
14.5306 0.626281 0.626281 1 1 
14.5405 0.627065 0.627065 1 1 
14.5505 0.62785 0.62785 1 1 
14.5604 0.628635 0.628635 1 1 
14.5703 0.62942 0.62942 1 1 
14.5803 0.630206 0.630206 1 1 
14.5902 0.630993 0.630993 1 1 
14.6001 0.63178 0.63178 1 1 
14.61 0.632568 0.632568 1 1 
14.62 0.633357 0.633357 1 1 
14.6299 0.634146 0.634146 1 1 
14.6398 0.634936 0.634936 1 1 
14.6498 0.635726 0.635726 1 1 
14.6597 0.636517 0.636517 1 1 
14.6696 0.637308 0.637308 1 1 
14.6795 0.6381 0.6381 1 1 
14.6895 0.638893 0.638893 1 1 
14.6994 0.639687 0.639687 1 1 
14.7093 0.64048 0.64048 1 1 
14.7193 0.641275 0.641275 1 1 
14.7292 0.64207 0.64207 1 1 
14.7391 0.642866 0.642866 1 1 
14.749 0.643662 0.643662 1 1 
14.759 0.644459 0.644459 1 1 
14.7689 0.645257 0.645257 1 1 
14.7788 0.646055 0.646055 1 1 
14.7888 0.646854 0.646854 1 1 
14.7987 0.647653 0.647653 1 1 
14.8086 0.648453 0.648453 1 1 
14.8185 0.649254 0.649254 1 1 
14.8285 0.650055 0.650055 1 1 
14.8384 0.650856 0.650856 1 1 
14.8483 0.651659 0.651659 1 1 
14.8583 0.652462 0.652462 1 1 
14.8682 0.653265 0.653265 1 1 
14.8781 0.65407 0.65407 1 1 
14.888 0.654874 0.654874 1 1 
14.898 0.65568 0.65568 1 1 
14.9079 0.656486 0.656486 1 1 
14.9178 0.657293 0.657293 1 1 
14.9278 0.6581 0.6581 1 1 
14.9377 0.658908 0.658908 1 1 
14.9476 0.659716 0.659716 1 1 
14.9575 0.660525 0.660525 1 1 
14.9675 0.661335 0.661335 1 1 
14.9774 0.662145 0.662145 1 1 
14.9873 0.662956 0.662956 1 1 
14.9973 0.663768 0.663768 1 1 
15.0072 0.66458 0.66458 1 1 
15.0171 0.665393 0.665393 1 1 
15.027 0.666206 0.666206 1 1 
15.037 0.66702 0.66702 1 1 
15.0469 0.667834 0.667834 1 1 
15.0568 0.66865 0.66865 1 1 
15.0667 0.669465 0.669465 1 1 
15.0767 0.670282 0.670282 1 1 
15.0866 0.671099 0.671099 1 1 
15.0965 0.671916 0.671916 1 1 
15.1065 0.672735 0.672735 1 1 
15.1164 0.673554 0.673554 1 1 
15.1263 0.674373 0.674373 1 1 
15.1362 0.675193 0.675193 1 1 
15.1462 0.676014 0.676014 1 1 
15.1561 0.676835 0.676835 1 1 
15.166 0.677657 0.677657 1 1 
15.1759 0.67848 0.67848 1 1 
15.1859 0.679303 0.679303 1 1 
15.1958 0.680127 0.680127 1 1 
15.2057 0.680951 0.680951 1 1 
15.2156 0.681776 0.681776 1 1 
15.2256 0.682602 0.682602 1 1 
15.2355 0.683428 0.683428 1 1 
15.2454 0.684255 0.684255 1 1 
15.2554 0.685082 0.685082 1 1 
15.2653 0.685911 0.685911 1 1 
15.2752 0.686739 0.686739 1 1 
15.2851 0.687569 0.687569 1 1 
15.2951 0.688399 0.688399 1 1 
15.305 0.689229 0.689229 1 1 
15.3149 0.69006 0.69006 1 1 
15.3248 0.690892 0.690892 1 1 
15.3348 0.691725 0.691725 1 1 
15.3447 0.692558 0.692558 1 1 
15.3546 0.693392 0.693392 1 1 
15.3645 0.694226 0.694226 1 1 
15.3745 0.695061 0.695061 1 1 
15.3844 0.695896 0.695896 1 1 
15.3943 0.696733 0.696733 1 1 
15.4042 0.697569 0.697569 1 1 
15.4142 0.698407 0.698407 1 1 
15.4241 0.699245 0.699245 1 1 
15.434 0.700084 0.700084 1 1 
15.4439 0.700923 0.700923 1 1 
15.4539 0.701763 0.701763 1 1 
15.4638 0.702603 0.702603 1 1 
15.4737 0.703445 0.703445 1 1 
15.4836 0.704286 0.704286 1 1 
15.4936 0.705129 0.705129 1 1 
15.5035 0.705972 0.705972 1 1 
15.5134 0.706816 0.706816 1 1 
15.5233 0.70766 0.70766 1 1 
15.5333 0.708505 0.708505 1 1 
15.5432 0.70935 0.70935 1 1 
15.5531 0.710197 0.710197 1 1 
15.563 0.711043 0.711043 1 1 
15.573 0.711891 0.711891 1 1 
15.5829 0.712739 0.712739 1 1 
15.5928 0.713588 0.713588 1 1 
15.6027 0.714437 0.714437 1 1 
15.6127 0.715287 0.715287 1 1 
15.6226 0.716138 0.716138 1 1 
15.6325 0.716989 0.716989 1 1 
15.6424 0.717841 0.717841 1 1 
15.6524 0.718693 0.718693 1 1 
15.6623 0.719546 0.719546 1 1 
15.6722 0.7204 0.7204 1 1 
15.6821 0.721255 0.721255 1 1 
15.6921 0.72211 0.72211 1 1 
15.702 0.722965 0.722965 1 1 
15.7119 0.723822 0.723822 1 1 
15.7218 0.724679 0.724679 1 1 
15.7318 0.725536 0.725536 1 1 
15.7417 0.726394 0.726394 1 1 
15.7516 0.727253 0.727253 1 1 
15.7615 0.728113 0.728113 1 1 
15.7715 0.728973 0.728973 1 1 
15.7814 0.729833 0.729833 1 1 
15.7913 0.730695 0.730695 1 1 
15.8012 0.731557 0.731557 1 1 
15.8112 0.732419 0.732419 1 1 
15.8163 0.732865 0.732865 2 1 
15.8262 0.733728 0.733728 2 1 
15.8361 0.734592 0.734592 2 1 
15.846 0.735457 0.735457 2 1 
15.856 0.736323 0.736323 2 1 
15.8659 0.737189 0.737189 2 1 
15.8758 0.738056 0.738056 2 1 
15.8857 0.738923 0.738923 2 1 
15.8957 0.739791 0.739791 2 1 
15.9056 0.74066 0.74066 2 1 
15.9155 0.741529 0.741529 2 1 
15.9254 0.742399 0.742399 2 1 
15.9354 0.74327 0.74327 2 1 
15.9453 0.744141 0.744141 2 1 
15.9552 0.745013 0.745013 2 1 
15.9651 0.745886 0.745886 2 1 
15.975 0.746759 0.746759 2 1 
15.985 0.747633 0.747633 2 1 
15.9949 0.748507 0.748507 2 1 
16.0048 0.749382 0.749382 2 1 
16.0147 0.750258 0.750258 2 1 
16.0247 0.751135 0.751135 2 1 
16.0346 0.752012 0.752012 2 1 
16.0445 0.752889 0.752889 2 1 
16.0544 0.753768 0.753768 2 1 
16.0643 0.754647 0.754647 2 1 
16.0743 0.755526 0.755526 2 1 
16.0842 0.756407 0.756407 2 1 
16.0941 0.757288 0.757288 2 1 
16.104 0.758169 0.758169 2 1 
16.114 0.759051 0.759051 2 1 
16.1239 0.759934 0.759934 2 1 
16.1338 0.760818 0.760818 2 1 
16.1437 0.761702 0.761702 2 1 
16.1536 0.762587 0.762587 2 1 
16.1636 0.763472 0.763472 2 1 
16.1735 0.764358 0.764358 2 1 
16.1834 0.765245 0.765245 2 1 
16.1933 0.766132 0.766132 2 1 
16.2033 0.767021 0.767021 2 1 
16.2132 0.767909 0.767909 2 1 
16.2231 0.768799 0.768799 2 1 
16.233 0.769689 0.769689 2 1 
16.2429 0.770579 0.770579 2 1 
16.2529 0.771471 0.771471 2 1 
16.2628 0.772363 0.772363 2 1 
16.2727 0.773255 0.773255 2 1 
16.2826 0.774148 0.774148 2 1 
16.2926 0.775042 0.775042 2 1 
16.3025 0.775937 0.775937 2 1 
16.3124 0.776832 0.776832 2 1 
16.3223 0.777728 0.777728 2 1 
16.3322 0.778624 0.778624 2 1 
16.3422 0.779522 0.779522 2 1 
16.3521 0.780419 0.780419 2 1 
16.362 0.781318 0.781318 2 1 
16.3719 0.782217 0.782217 2 1 
16.3818 0.783117 0.783117 2 1 
16.3918 0.784017 0.784017 2 1 
16.4017 0.784918 0.784918 2 1 
16.4116 0.78582 0.78582 2 1 
16.4215 0.786723 0.786723 2 1 
16.4314 0.787626 0.787626 2 1 
16.4414 0.788529 0.788529 2 1 
16.4513 0.789434 0.789434 2 1 
16.4612 0.790339 0.790339 2 1 
16.4711 0.791245 0.791245 2 1 
16.481 0.792151 0.792151 2 1 
16.491 0.793058 0.793058 2 1 
16.5009 0.793966 0.793966 2 1 
16.5108 0.794874 0.794874 2 1 
16.5207 0.795783 0.795783 2 1 
16.5306 0.796693 0.796693 2 1 
16.5406 0.797603 0.797603 2 1 
16.5505 0.798514 0.798514 2 1 
16.5604 0.799426 0.799426 2 1 
16.5703 0.800338 0.800338 2 1 
16.5802 0.801251 0.801251 2 1 
16.5902 0.802165 0.802165 2 1 
16.6001 0.803079 0.803079 2 1 
16.61 0.803994 0.803994 2 1 
16.6199 0.804909 0.804909 2 1 
16.6298 0.805826 0.805826 2 1 
16.6398 0.806743 0.806743 2 1 
16.6497 0.80766 0.80766 2 1 
16.6596 0.808579 0.808579 2 1 
16.6695 0.809498 0.809498 2 1 
16.6794 0.810417 0.810417 2 1 
16.6894 0.811337 0.811337 2 1 
16.6993 0.812258 0.812258 2 1 
16.7092 0.81318 0.81318 2 1 
16.7191 0.814102 0.814102 2 1 
16.729 0.815025 0.815025 2 1 
16.7389 0.815949 0.815949 2 1 
16.7489 0.816873 0.816873 2 1 
16.7588 0.817798 0.817798 2 1 
16.7687 0.818724 0.818724 2 1 
16.7786 0.81965 0.81965 2 1 
16.7885 0.820577 0.820577 2 1 
16.7985 0.821504 0.821504 2 1 
16.8084 0.822433 0.822433 2 1 
16.8183 0.823362 0.823362 2 1 
16.8282 0.824291 0.824291 2 1 
16.8381 0.825222 0.825222 2 1 
16.8481 0.826153 0.826153 2 1 
16.858 0.827084 0.827084 2 1 
16.8679 0.828017 0.828017 2 1 
16.8778 0.82895 0.82895 2 1 
16.8877 0.829883 0.829883 2 1 
16.8976 0.830818 0.830818 2 1 
16.9076 0.831753 0.831753 2 1 
16.9175 0.832688 0.832688 2 1 
16.9274 0.833625 0.833625 2 1 
16.9373 0.834562 0.834562 2 1 
16.9472 0.835499 0.835499 2 1 
16.9571 0.836438 0.836438 2 1 
16.9671 0.837377 0.837377 2 1 
16.977 0.838317 0.838317 2 1 
16.9869 0.839257 0.839257 2 1 
16.9968 0.840198 0.840198 2 1 
17.0067 0.84114 0.84114 2 1 
17.0167 0.842082 0.842082 2 1 
17.0266 0.843025 0.843025 2 1 
17.0365 0.843969 0.843969 2 1 
17.0464 0.844914 0.844914 2 1 
17.0563 0.845859 0.845859 2 1 
17.0662 0.846805 0.846805 2 1 
17.0762 0.847751 0.847751 2 1 
17.0861 0.848698 0.848698 2 1 
17.096 0.849646 0.849646 2 1 
17.1059 0.850595 0.850595 2 1 
17.1158 0.851544 0.851544 2 1 
17.1257 0.852494 0.852494 2 1 
17.1357 0.853444 0.853444 2 1 
17.1456 0.854396 0.854396 2 1 
17.1555 0.855348 0.855348 2 1 
17.1654 0.8563 0.8563 2 1 
17.1753 0.857254 0.857254 2 1 
17.1852 0.858208 0.858208 2 1 
17.1951 0.859162 0.859162 2 1 
17.2051 0.860118 0.860118 2 1 
17.215 0.861074 0.861074 2 1 
17.2249 0.862031 0.862031 2 1 
17.2348 0.862988 0.862988 2 1 
17.2447 0.863946 0.863946 2 1 
17.2546 0.864905 0.864905 2 1 
17.2646 0.865864 0.865864 2 1 
17.2745 0.866824 0.866824 2 1 
17.2844 0.867785 0.867785 2 1 
17.2943 0.868747 0.868747 2 1 
17.3042 0.869709 0.869709 2 1 
17.3141 0.870672 0.870672 2 1 
17.3241 0.871636 0.871636 2 1 
17.334 0.8726 0.8726 2 1 
17.3439 0.873565 0.873565 2 1 
17.3538 0.874531 0.874531 2 1 
17.3637 0.875497 0.875497 2 1 
17.3736 0.876464 0.876464 2 1 
17.3835 0.877432 0.877432 2 1 
17.3935 0.8784 0.8784 2 1 
17.4034 0.879369 0.879369 2 1 
17.4133 0.880339 0.880339 2 1 
17.4232 0.88131 0.88131 2 1 
17.4331 0.882281 0.882281 2 1 
17.443 0.883253 0.883253 2 1 
17.4529 0.884225 0.884225 2 1 
17.4629 0.885199 0.885199 2 1 
17.4728 0.886173 0.886173 2 1 
17.4827 0.887147 0.887147 2 1 
17.4926 0.888123 0.888123 2 1 
17.5025 0.889099 0.889099 2 1 
17.5124 0.890075 0.890075 2 1 
17.5223 0.891053 0.891053 2 1 
17.5323 0.892031 0.892031 2 1 
17.5422 0.89301 0.89301 2 1 
17.5521 0.893989 0.893989 2 1 
17.562 0.89497 0.89497 2 1 
17.5719 0.89595 0.89595 2 1 
17.5818 0.896932 0.896932 2 1 
17.5917 0.897914 0.897914 2 1 
17.6017 0.898897 0.898897 2 1 
17.6116 0.899881 0.899881 2 1 
17.6215 0.900866 0.900866 2 1 
17.6314 0.901851 0.901851 2 1 
17.6413 0.902837 0.902837 2 1 
17.6512 0.903823 0.903823 2 1 
17.6611 0.90481 0.90481 2 1 
17.671 0.905798 0.905798 2 1 
17.681 0.906787 0.906787 2 1 
17.6909 0.907776 0.907776 2 1 
17.7008 0.908766 0.908766 2 1 
17.7107 0.909757 0.909757 2 1 
17.7206 0.910748 0.910748 2 1 
17.7305 0.91174 0.91174 2 1 
17.7404 0.912733 0.912733 2 1 
17.7503 0.913727 0.913727 2 1 
17.7603 0.914721 0.914721 2 1 
17.7702 0.915716 0.915716 2 1 
17.7801 0.916712 0.916712 2 1 
17.79 0.917708 0.917708 2 1 
17.7999 0.918705 0.918705 2 1 
17.8098 0.919703 0.919703 2 1 
17.8197 0.920701 0.920701 2 1 
17.8296 0.9217 0.9217 2 1 
17.8396 0.9227 0.9227 2 1 
17.8495 0.923701 0.923701 2 1 
17.8594 0.924702 0.924702 2 1 
17.8693 0.925704 0.925704 2 1 
17.8792 0.926707 0.926707 2 1 
17.8891 0.92771 0.92771 2 1 
17.899 0.928715 0.928715 2 1 
17.9089 0.929719 0.929719 2 1 
17.9188 0.930725 0.930725 2 1 
17.9288 0.931731 0.931731 2 1 
17.9387 0.932738 0.932738 2 1 
17.9486 0.933746 0.933746 2 1 
17.9585 0.934754 0.934754 2 1 
17.9684 0.935763 0.935763 2 1 
17.9783 0.936773 0.936773 2 1 
17.9882 0.937784 0.937784 2 1 
17.9981 0.938795 0.938795 2 1 
18.008 0.939807 0.939807 2 1 
